0.013661
0.013661
0.013478
0.013314
0.013165
0.013029
0.012905
0.012789
0.012681
0.012579
0.012483
0.012392
0.012305
0.012220
0.012139
0.012060
0.011984
0.011909
0.011835
0.011763
0.011692
0.011622
0.011554
0.011486
0.011418
0.011352
0.011286
0.011221
0.011156
0.011092
0.011028
0.010965
0.010902
0.010840
0.010778
0.010716
0.010655
0.010594
0.010534
0.010474
0.010414
0.010355
0.010296
0.010237
0.010179
0.010121
0.010064
0.010006
0.009949
0.009893
0.009837
0.009781
0.009725
0.009670
0.009615
0.009560
0.009506
0.009452
0.009398
0.009344
0.009291
0.009239
0.009186
0.009134
0.009082
0.009030
0.008979
0.008928
0.008877
0.008827
0.008777
0.008727
0.008677
0.008628
0.008579
0.008530
0.008482
0.008433
0.008385
0.008338
0.008290
0.008243
0.008196
0.008150
0.008104
0.008058
0.008012
0.007966
0.007921
0.007876
0.007831
0.007787
0.007743
0.007699
0.007655
0.007611
0.007568
0.007525
0.007482
0.007440
0.007398
0.007356
0.007314
0.007272
0.007231
0.007190
0.007149
0.007109
0.007068
0.007028
0.006988
0.006948
0.006909
0.006870
0.006831
0.006792
0.006753
0.006715
0.006677
0.006639
0.006601
0.006564
0.006527
0.006489
0.006453
0.006416
0.006380
0.006343
0.006307
0.006272
0.006236
0.006201
0.006165
0.006130
0.006096
0.006061
0.006027
0.005992
0.005958
0.005925
0.005891
0.005857
0.005824
0.005791
0.005758
0.005726
0.005693
0.005661
0.005629
0.005597
0.005565
0.005533
0.005502
0.005471
0.005440
0.005409
0.005378
0.005348
0.005317
0.005287
0.005257
0.005227
0.005198
0.005168
0.005139
0.005110
0.005081
0.005052
0.005023
0.004995
0.004966
0.004938
0.004910
0.004882
0.004855
0.004827
0.004800
0.004773
0.004745
0.004719
0.004692
0.004665
0.004639
0.004612
0.004586
0.004560
0.004534
0.004509
0.004483
0.004458
0.004432
0.004407
0.004382
0.004357
0.004333
0.004308
0.004284
0.004259
0.004235
0.004211
0.004187
0.004164
0.004140
0.004117
0.004093
0.004070
0.004047
0.004024
0.004001
0.003979
0.003956
0.003934
0.003911
0.003889
0.003867
0.003845
0.003823
0.003802
0.003780
0.003759
0.003737
0.003716
0.003695
0.003674
0.003653
0.003633
0.003612
0.003592
0.003571
0.003551
0.003531
0.003511
0.003491
0.003471
0.003452
0.003432
0.003413
0.003393
0.003374
0.003355
0.003336
0.003317
0.003298
0.003280
0.003261
0.003243
0.003224
0.003206
0.003188
0.003170
0.003152
0.003134
0.003116
0.003098
0.003081
0.003063
0.003046
0.003029
0.003012
0.002995
0.002978
0.002961
0.002944
0.002927
0.002911
0.002894
0.002878
0.002862
0.002845
0.002829
0.002813
0.002797
0.002782
0.002766
0.002750
0.002735
0.002719
0.002704
0.002688
0.002673
0.002658
0.002643
0.002628
0.002613
0.002598
0.002584
0.002569
0.002555
0.002540
0.002526
0.002511
0.002497
0.002483
0.002469
0.002455
0.002441
0.002427
0.002414
0.002400
0.002386
0.002373
0.002359
0.002346
0.002333
0.002320
0.002306
0.002293
0.002280
0.002268
0.002255
0.002242
0.002229
0.002217
0.002204
0.002192
0.002179
0.002167
0.002155
0.002142
0.002130
0.002118
0.002106
0.002094
0.002083
0.002071
0.002059
0.002047
0.002036
0.002024
0.002013
0.002001
0.001990
0.001979
0.001968
0.001957
0.001946
0.001935
0.001924
0.001913
0.001902
0.001891
0.001880
0.001870
0.001859
0.001849
0.001838
0.001828
0.001818
0.001807
0.001797
0.001787
0.001777
0.001767
0.001757
0.001747
0.001737
0.001727
0.001717
0.001708
0.001698
0.001688
0.001679
0.001669
0.001660
0.001651
0.001641
0.001632
0.001623
0.001614
0.001604
0.001595
0.001586
0.001577
0.001569
0.001560
0.001551
0.001542
0.001533
0.001525
0.001516
0.001508
0.001499
0.001491
0.001482
0.001474
0.001465
0.001457
0.001449
0.001441
0.001433
0.001424
0.001416
0.001408
0.001400
0.001393
0.001385
0.001377
0.001369
0.001361
0.001354
0.001346
0.001338
0.001331
0.001323
0.001316
0.001308
0.001301
0.001294
0.001286
0.001279
0.001272
0.001265
0.001258
0.001250
0.001243
0.001236
0.001229
0.001222
0.001216
0.001209
0.001202
0.001195
0.001188
0.001182
0.001175
0.001168
0.001162
0.001155
0.001149
0.001142
0.001136
0.001129
0.001123
0.001117
0.001110
0.001104
0.001098
0.001092
0.001085
0.001079
0.001073
0.001067
0.001061
0.001055
0.001049
0.001043
0.001037
0.001032
0.001026
0.001020
0.001014
0.001008
0.001003
0.000997
0.000992
0.000986
0.000980
0.000975
0.000969
0.000964
0.000958
0.000953
0.000948
0.000942
0.000937
0.000932
0.000926
0.000921
0.000916
0.000911
0.000906
0.000901
0.000896
0.000890
0.000885
0.000880
0.000875
0.000871
0.000866
0.000861
0.000856
0.000851
0.000846
0.000842
0.000837
0.000832
0.000827
0.000823
0.000818
0.000813
0.000809
0.000804
0.000800
0.000795
0.000791
0.000786
0.000782
0.000777
0.000773
0.000769
0.000764
0.000760
0.000756
0.000752
0.000747
0.000743
0.000739
0.000735
0.000731
0.000726
0.000722
0.000718
0.000714
0.000710
0.000706
0.000702
0.000698
0.000694
0.000690
0.000687
0.000683
0.000679
0.000675
0.000671
0.000667
0.000664
0.000660
0.000656
0.000653
0.000649
0.000645
0.000642
0.000638
0.000634
0.000631
0.000627
0.000624
0.000620
0.000617
0.000613
0.000610
0.000606
0.000603
0.000600
0.000596
0.000593
0.000589
0.000586
0.000583
0.000580
0.000576
0.000573
0.000570
0.000567
0.000563
0.000560
0.000557
0.000554
0.000551
0.000548
0.000545
0.000542
0.000539
0.000535
0.000532
0.000529
0.000526
0.000524
0.000521
0.000518
0.000515
0.000512
0.000509
0.000506
0.000503
0.000500
0.000498
0.000495
0.000492
0.000489
0.000486
0.000484
0.000481
0.000478
0.000476
0.000473
0.000470
0.000468
0.000465
0.000462
0.000460
0.000457
0.000455
0.000452
0.000450
0.000447
0.000444
0.000442
0.000439
0.000437
0.000435
0.000432
0.000430
0.000427
0.000425
0.000422
0.000420
0.000418
0.000415
0.000413
0.000411
0.000408
0.000406
0.000404
0.000402
0.000399
0.000397
0.000395
0.000393
0.000390
0.000388
0.000386
0.000384
0.000382
0.000380
0.000377
0.000375
0.000373
0.000371
0.000369
0.000367
0.000365
0.000363
0.000361
0.000359
0.000357
0.000355
0.000353
0.000351
0.000349
0.000347
0.000345
0.000343
0.000341
0.000339
0.000337
0.000335
0.000333
0.000332
0.000330
0.000328
0.000326
0.000324
0.000322
0.000320
0.000319
0.000317
0.000315
0.000313
0.000312
0.000310
0.000308
0.000306
0.000305
0.000303
0.000301
0.000300
0.000298
0.000296
0.000295
0.000293
0.000291
0.000290
0.000288
0.000286
0.000285
0.000283
0.000282
0.000280
0.000278
0.000277
0.000275
0.000274
0.000272
0.000271
0.000269
0.000268
0.000266
0.000265
0.000263
0.000262
0.000260
0.000259
0.000257
0.000256
0.000254
0.000253
0.000252
0.000250
0.000249
0.000247
0.000246
0.000245
0.000243
0.000242
0.000240
0.000239
0.000238
0.000236
0.000235
0.000234
0.000232
0.000231
0.000230
0.000229
0.000227
0.000226
0.000225
0.000223
0.000222
0.000221
0.000220
0.000219
0.000217
0.000216
0.000215
0.000214
0.000212
0.000211
0.000210
0.000209
0.000208
0.000207
0.000205
0.000204
0.000203
0.000202
0.000201
0.000200
0.000199
0.000197
0.000196
0.000195
0.000194
0.000193
0.000192
0.000191
0.000190
0.000189
0.000188
0.000187
0.000186
0.000185
0.000184
0.000183
0.000181
0.000180
0.000179
0.000178
0.000177
0.000176
0.000175
0.000174
0.000174
0.000173
0.000172
0.000171
0.000170
0.000169
0.000168
0.000167
0.000166
0.000165
0.000164
0.000163
0.000162
0.000161
0.000160
0.000159
0.000159
0.000158
0.000157
0.000156
0.000155
0.000154
0.000153
0.000152
0.000152
0.000151
0.000150
0.000149
0.000148
0.000147
0.000147
0.000146
0.000145
0.000144
0.000143
0.000143
0.000142
0.000141
0.000140
0.000139
0.000139
0.000138
0.000137
0.000136
0.000135
0.000135
0.000134
0.000133
0.000132
0.000132
0.000131
0.000130
0.000130
0.000129
0.000128
0.000127
0.000127
0.000126
0.000125
0.000125
0.000124
0.000123
0.000122
0.000122
0.000121
0.000120
0.000120
0.000119
0.000118
0.000118
0.000117
0.000116
0.000116
0.000115
0.000114
0.000114
0.000113
0.000113
0.000112
0.000111
0.000111
0.000110
0.000109
0.000109
0.000108
0.000108
0.000107
0.000106
0.000106
0.000105
0.000105
0.000104
0.000103
0.000103
0.000102
0.000102
0.000101
0.000101
0.000100
0.000099
0.000099
0.000098
0.000098
0.000097
0.000097
0.000096
0.000096
0.000095
0.000095
0.000094
0.000094
0.000093
0.000092
0.000092
0.000091
0.000091
0.000090
0.000090
0.000089
0.000089
0.000088
0.000088
0.000087
0.000087
0.000086
0.000086
0.000086
0.000085
0.000085
0.000084
0.000084
0.000083
0.000083
0.000082
0.000082
0.000081
0.000081
0.000080
0.000080
0.000079
0.000079
0.000079
0.000078
0.000078
0.000077
0.000077
0.000076
0.000076
0.000076
0.000075
0.000075
0.000074
0.000074
0.000073
0.000073
0.000073
0.000072
0.000072
0.000071
0.000071
0.000071
0.000070
0.000070
0.000069
0.000069
0.000069
0.000068
0.000068
0.000068
0.000067
0.000067
0.000066
0.000066
0.000066
0.000065
0.000065
0.000065
0.000064
0.000064
0.000064
0.000063
0.000063
0.000062
0.000062
0.000062
0.000061
0.000061
0.000061
0.000060
0.000060
0.000060
0.000059
0.000059
0.000059
0.000058
0.000058
0.000058
0.000057
0.000057
0.000057
0.000056
0.000056
0.000056
0.000056
0.000055
0.000055
0.000055
0.000054
0.000054
0.000054
0.000053
0.000053
0.000053
0.000053
0.000052
0.000052
0.000052
0.000051
0.000051
0.000051
0.000050
0.000050
0.000050
0.000050
0.000049
0.000049
0.000049
0.000049
0.000048
0.000048
0.000048
0.000047
0.000047
0.000047
0.000047
0.000046
0.000046
0.000046
0.000046
0.000045
0.000045
0.000045
0.000045
0.000044
0.000044
0.000044
0.000044
0.000043
0.000043
0.000043
0.000043
0.000042
0.000042
0.000042
0.000042
0.000042
0.000041
0.000041
0.000041
0.000041
0.000040
0.000040
0.000040
0.000040
0.000039
0.000039
0.000039
0.000039
0.000039
0.000038
0.000038
0.000038
0.000038
0.000038
0.000037
0.000037
0.000037
0.000037
0.000036
0.000036
0.000036
0.000036
0.000036
0.000035
0.000035
0.000035
0.000035
0.000035
0.000035
0.000034
0.000034
0.000034
0.000034
0.000034
0.000033
0.000033
0.000033
0.000033
0.000033
0.000032
0.000032
0.000032
0.000032
0.000032
0.000032
0.000031
0.000031
0.000031
0.000031
0.000031
0.000031
0.000030
0.000030
0.000030
0.000030
0.000030
0.000030
0.000029
0.000029
0.000029
0.000029
0.000029
0.000029
0.000028
0.000028
0.000028
0.000028
0.000028
0.000028
0.000027
0.000027
0.000027
0.000027
0.000027
0.000027
0.000027
0.000026
0.000026
0.000026
0.000026
0.000026
0.000026
0.000026
0.000025
0.000025
0.000025
0.000025
0.000025
0.000025
0.000025
0.000024
0.000024
0.000024
0.000024
0.000024
0.000024
0.000024
0.000023
0.000023
0.000023
0.000023
0.000023
0.000023
0.000023
0.000023
0.000022
0.000022
0.000022
0.000022
0.000022
0.000022
0.000022
0.000022
0.000021
0.000021
0.000021
0.000021
0.000021
0.000021
0.000021
0.000021
0.000021
0.000020
0.000020
0.000020
0.000020
0.000020
0.000020
0.000020
0.000020
0.000020
0.000019
0.000019
0.000019
0.000019
0.000019
0.000019
0.000019
0.000019
0.000019
0.000018
0.000018
0.000018
0.000018
0.000018
0.000018
0.000018
0.000018
0.000018
0.000018
0.000017
0.000017
0.000017
0.000017
0.000017
0.000017
0.000017
0.000017
0.000017
0.000017
0.000017
0.000016
0.000016
0.000016
0.000016
0.000016
0.000016
0.000016
0.000016
0.000016
0.000016
0.000016
0.000015
0.000015
0.000015
0.000015
0.000015
0.000015
0.000015
0.000015
0.000015
0.000015
0.000015
0.000015
0.000014
0.000014
0.000014
0.000014
0.000014
0.000014
0.000014
0.000014
0.000014
0.000014
0.000014
0.000014
0.000014
0.000013
0.000013
0.000013
0.000013
0.000013
0.000013
0.000013
0.000013
0.000013
0.000013
0.000013
0.000013
0.000013
0.000012
0.000012
0.000012
0.000012
0.000012
0.000012
0.000012
0.000012
0.000012
0.000012
0.000012
0.000012
0.000012
0.000012
0.000012
0.000011
0.000011
0.000011
0.000011
0.000011
0.000011
0.000011
0.000011
0.000011
0.000011
0.000011
0.000011
0.000011
0.000011
0.000011
0.000011
0.000011
0.000010
0.000010
0.000010
0.000010
0.000010
0.000010
0.000010
0.000010
0.000010
0.000010
0.000010
0.000010
0.000010
0.000010
0.000010
0.000010
0.000010
0.000010
0.000009
0.000009
0.000009
0.000009
0.000009
0.000009
0.000009
0.000009
0.000009
0.000009
0.000009
0.000009
0.000009
0.000009
0.000009
0.000009
0.000009
0.000009
0.000009
0.000009
0.000008
0.000008
0.000008
0.000008
0.000008
0.000008
0.000008
0.000008
0.000008
0.000008
0.000008
0.000008
0.000008
0.000008
0.000008
0.000008
0.000008
0.000008
0.000008
0.000008
0.000008
0.000008
0.000007
0.000007
0.000007
0.000007
0.000007
0.000007
0.000007
0.000007
0.000007
0.000007
0.000007
0.000007
0.000007
0.000007
0.000007
0.000007
0.000007
0.000007
0.000007
0.000007
0.000007
0.000007
0.000007
0.000007
0.000007
0.000007
0.000006
0.000006
0.000006
0.000006
0.000006
0.000006
0.000006
0.000006
0.000006
0.000006
0.000006
0.000006
0.000006
0.000006
0.000006
0.000006
0.000006
0.000006
0.000006
0.000006
0.000006
0.000006
0.000006
0.000006
0.000006
0.000006
0.000006
0.000006
0.000006
0.000006
0.000005
0.000005
0.000005
0.000005
0.000005
0.000005
0.000005
0.000005
0.000005
0.000005
0.000005
0.000005
0.000005
0.000005
0.000005
0.000005
0.000005
0.000005
0.000005
0.000005
0.000005
0.000005
0.000005
0.000005
0.000005
0.000005
0.000005
0.000005
0.000005
0.000005
0.000005
0.000005
0.000005
0.000005
0.000005
0.000005
0.000004
0.000004
0.000004
0.000004
0.000004
0.000004
0.000004
0.000004
0.000004
0.000004
0.000004
0.000004
0.000004
0.000004
0.000004
0.000004
0.000004
0.000004
0.000004
0.000004
0.000004
0.000004
0.000004
0.000004
0.000004
0.000004
0.000004
0.000004
0.000004
0.000004
0.000004
0.000004
0.000004
0.000004
0.000004
0.000004
0.000004
0.000004
0.000004
0.000004
0.000004
0.000004
0.000004
0.000004
0.000004
0.000004
0.000003
0.000003
0.000003
0.000003
0.000003
0.000003
0.000003
0.000003
0.000003
0.000003
0.000003
0.000003
0.000003
0.000003
0.000003
0.000003
0.000003
0.000003
0.000003
0.000003
0.000003
0.000003
0.000003
0.000003
0.000003
0.000003
0.000003
0.000003
0.000003
0.000003
0.000003
0.000003
0.000003
0.000003
0.000003
0.000003
0.000003
0.000003
0.000003
0.000003
0.000003
0.000003
0.000003
0.000003
0.000003
0.000003
0.000003
0.000003
0.000003
0.000003
0.000003
0.000003
0.000003
0.000003
0.000003
0.000003
0.000003
0.000003
0.000003
0.000003
0.000002
0.000002
0.000002
0.000002
0.000002
0.000002
0.000002
0.000002
0.000002
0.000002
0.000002
0.000002
0.000002
0.000002
0.000002
0.000002
0.000002
0.000002
0.000002
0.000002
0.000002
0.000002
0.000002
0.000002
0.000002
0.000002
0.000002
0.000002
0.000002
0.000002
0.000002
0.000002
0.000002
0.000002
0.000002
0.000002
0.000002
0.000002
0.000002
0.000002
0.000002
0.000002
0.000002
0.000002
0.000002
0.000002
0.000002
0.000002
0.000002
0.000002
0.000002
0.000002
0.000002
0.000002
0.000002
0.000002
0.000002
0.000002
0.000002
0.000002
0.000002
0.000002
0.000002
0.000002
0.000002
0.000002
0.000002
0.000002
0.000002
0.000002
0.000002
0.000002
0.000002
0.000002
0.000002
0.000002
0.000002
0.000002
0.000002
0.000002
0.000002
0.000002
0.000002
0.000002
0.000002
0.000002
0.000002
0.000002
0.000002
0.000002
0.000002
0.000002
0.000002
0.000001
0.000001
0.000001
0.000001
0.000001
0.000001
0.000001
0.000001
0.000001
0.000001
0.000001
0.000001
0.000001
0.000001
0.000001
0.000001
0.000001
0.000001
0.000001
0.000001
0.000001
0.000001
0.000001
0.000001
0.000001
0.000001
0.000001
0.000001
0.000001
0.000001
0.000001
0.000001
0.000001
0.000001
0.000001
0.000001
0.000001
0.000001
0.000001
0.000001
0.000001
0.000001
0.000001
0.000001
0.000001
0.000001
0.000001
0.000001
0.000001
0.000001
0.000001
0.000001
0.000001
0.000001
0.000001
0.000001
0.000001
0.000001
0.000001
0.000001
0.000001
0.000001
0.000001
0.000001
0.000001
0.000001
0.000001
0.000001
0.000001
0.000001
0.000001
0.000001
0.000001
0.000001
0.000001
0.000001
0.000001
0.000001
0.000001
0.000001
0.000001
0.000001
0.000001
0.000001
0.000001
0.000001
0.000001
0.000001
0.000001
0.000001
0.000001
0.000001
0.000001
0.000001
0.000001
0.000001
0.000001
0.000001
0.000001
0.000001
0.000001
0.000001
0.000001
0.000001
0.000001
0.000001
0.000001
0.000001
0.000001
0.000001
0.000001
0.000001
0.000001
0.000001
0.000001
0.000001
0.000001
0.000001
0.000001
0.000001
0.000001
0.000001
0.000001
0.000001
0.000001
0.000001
0.000001
0.000001
0.000001
0.000001
0.000001
0.000001
0.000001
0.000001
0.000001
0.000001
0.000001
0.000001
0.000001
0.000001
0.000001
0.000001
0.000001
0.000001
0.000001
0.000001
0.000001
0.000001
0.000001
0.000001
0.000001
0.000001
0.000001
0.000001
0.000001
0.000001
0.000001
0.000001
0.000001
0.000001
0.000001
0.000001
0.000001
0.000001
0.000001
0.000001
0.000001
0.000001
0.000001
0.000001
0.000001
0.000001
0.000001
0.000001
0.000001
0.000001
0.000001
0.000001
0.000001
0.000001
0.000001
0.000001
0.000001
0.000001
0.000001
0.000001
0.000001
0.000001
0.000001
0.000001
0.000001
0.000001
0.000001
0.000001
0.000001
0.000001
0.000001
0.000001
0.000001
0.000000
0.000000
0.000000
0.000000
0.000000
0.000000
0.000000
0.000000
0.000000
0.000000
0.000000
0.000000
0.000000
0.000000
0.000000
0.000000
0.000000
0.000000
0.000000
0.000000
0.000000
0.000000
0.000000
0.000000
0.000000
0.000000
0.000000
0.000000
0.000000
0.000000
0.000000
0.000000
0.000000
0.000000
0.000000
0.000000
0.000000
0.000000
0.000000
0.000000
0.000000
0.000000
0.000000
0.000000
0.000000
0.000000
0.000000
0.000000
0.000000
0.000000
0.000000
0.000000
0.000000
0.000000
0.000000
0.000000
0.000000
0.000000
0.000000
0.000000
0.000000
0.000000
0.000000
0.000000
0.000000
0.000000
0.000000
0.000000
0.000000
0.000000
0.000000
0.000000
0.000000
0.000000
0.000000
0.000000
0.000000
0.000000
0.000000
0.000000
0.000000
0.000000
0.000000
0.000000
0.000000
0.000000
0.000000
0.000000
0.000000
0.000000
0.000000
0.000000
0.000000
0.000000
0.000000
0.000000
0.000000
0.000000
0.000000
0.000000
0.000000
0.000000
0.000000
0.000000
0.000000
0.000000
0.000000
0.000000
0.000000
0.000000
0.000000
0.000000
0.000000
0.000000
0.000000
0.000000
0.000000
0.000000
0.000000
0.000000
0.000000
0.000000
0.000000
0.000000
0.000000
0.000000
0.000000
0.000000
0.000000
0.000000
0.000000
0.000000
0.000000
0.000000
0.000000
0.000000
0.000000
0.000000
0.000000
0.000000
0.000000
0.000000
0.000000
0.000000
0.000000
0.000000
0.000000
0.000000
0.000000
0.000000
0.000000
0.000000
0.000000
0.000000
0.000000
0.000000
0.000000
0.000000
0.000000
0.000000
0.000000
0.000000
0.000000
0.000000
0.000000
0.000000
0.000000
0.000000
0.000000
0.000000
0.000000
0.000000
0.000000
0.000000
0.000000
0.000000
0.000000
0.000000
0.000000
0.000000
0.000000
0.000000
0.000000
0.000000
0.000000
0.000000
0.000000
0.000000
0.000000
0.000000
0.000000
0.000000
0.000000
0.000000
0.000000
0.000000
0.000000
0.000000
0.000000
0.000000
0.000000
0.000000
0.000000
0.000000
0.000000
0.000000
0.000000
0.000000
0.000000
0.000000
0.000000
0.000000
0.000000
0.000000
0.000000
0.000000
0.000000
0.000000
0.000000
0.000000
0.000000
0.000000
0.000000
0.000000
0.000000
0.000000
0.000000
0.000000
0.000000
0.000000
0.000000
0.000000
0.000000
0.000000
0.000000
0.000000
0.000000
0.000000
0.000000
0.000000
0.000000
0.000000
0.000000
0.000000
0.000000
0.000000
0.000000
0.000000
0.000000
0.000000
0.000000
0.000000
0.000000
0.000000
0.000000
0.000000
0.000000
0.000000
0.000000
0.000000
0.000000
0.000000
0.000000
0.000000
0.000000
0.000000
0.000000
0.000000
0.000000
0.000000
0.000000
0.000000
0.000000
0.000000
0.000000
0.000000
0.000000
0.000000
0.000000
0.000000
0.000000
0.000000
0.000000
0.000000
0.000000
0.000000
0.000000
0.000000
0.000000
0.000000
0.000000
0.000000
0.000000
0.000000
0.000000
0.000000
0.000000
0.000000
0.000000
0.000000
0.000000
0.000000
0.000000
0.000000
0.000000
0.000000
0.000000
0.000000
0.000000
0.000000
0.000000
0.000000
0.000000
0.000000
0.000000
0.000000
0.000000
0.000000
0.000000
0.000000
0.000000
0.000000
0.000000
0.000000
0.000000
0.000000
0.000000
0.000000
0.000000
0.000000
0.000000
0.000000
0.000000
0.000000
0.000000
0.000000
0.000000
0.000000
0.000000
0.000000
0.000000
0.000000
0.000000
0.000000
0.000000
0.000000
0.000000
0.000000
0.000000
0.000000
0.000000
0.000000
0.000000
0.000000
0.000000
0.000000
0.000000
0.000000
0.000000
0.000000
0.000000
0.000000
0.000000
0.000000
0.000000
0.000000
0.000000
0.000000
0.000000
0.000000
0.000000
0.000000
0.000000
0.000000
0.000000
0.000000
0.000000
0.000000
0.000000
0.000000
0.000000
0.000000
0.000000
0.000000
0.000000
0.000000
0.000000
0.000000
0.000000
0.000000
0.000000
0.000000
0.000000
0.000000
0.000000
0.000000
0.000000
0.000000
0.000000
0.000000
0.000000
0.000000
0.000000
0.000000
0.000000
0.000000
0.000000
0.000000
0.000000
0.000000
0.000000
0.000000
0.000000
0.000000
0.000000
0.000000
0.000000
0.000000
0.000000
0.000000
0.000000
0.000000
0.000000
0.000000
0.000000
0.000000
0.000000
0.000000
0.000000
0.000000
0.000000
0.000000
0.000000
0.000000
0.000000
0.000000
0.000000
0.000000
0.000000
0.000000
0.000000
0.000000
0.000000
0.000000
0.000000
0.000000
0.000000
0.000000
0.000000
0.000000
0.000000
0.000000
0.000000
0.000000
0.000000
0.000000
0.000000
0.000000
0.000000
0.000000
0.000000
0.000000
0.000000
0.000000
0.000000
0.000000
0.000000
0.000000
0.000000
0.000000
0.000000
0.000000
0.000000
0.000000
0.000000
0.000000
0.000000
0.000000
0.000000
0.000000
0.000000
0.000000
0.000000
0.000000
0.000000
0.000000
0.000000
0.000000
0.000000
0.000000
0.000000
0.000000
0.000000
0.000000
0.000000
0.000000
0.000000
0.000000
0.000000
0.000000
0.000000
0.000000
0.000000
0.000000
0.000000
0.000000
0.000000
0.000000
0.000000
0.000000
0.000000
0.000000
0.000000
0.000000
0.000000
0.000000
0.000000
0.000000
0.000000
0.000000
0.000000
0.000000
0.000000
0.000000
0.000000
0.000000
0.000000
0.000000
0.000000
0.000000
0.000000
0.000000
0.000000
0.000000
0.000000
0.000000
0.000000
0.000000
0.000000
0.000000
0.000000
0.000000
0.000000
0.000000
0.000000
0.000000
0.000000
0.000000
0.000000
0.000000
0.000000
0.000000
0.000000
0.000000
0.000000
0.000000
0.000000
0.000000
0.000000
0.000000
0.000000
0.000000
0.000000
0.000000
0.000000
0.000000
0.000000
0.000000
0.000000
0.000000
0.000000
0.000000
0.000000
0.000000
0.000000
0.000000
0.000000
0.000000
0.000000
0.000000
0.000000
0.000000
0.000000
0.000000
0.000000
0.000000
0.000000
0.000000
0.000000
0.000000
0.000000
0.000000
0.000000
0.000000
0.000000
0.000000
0.000000
0.000000
0.000000
0.000000
0.000000
0.000000
0.000000
0.000000
0.000000
0.000000
0.000000
0.000000
0.000000
0.000000
0.000000
0.000000
0.000000
0.000000
0.000000
0.000000
0.000000
0.000000
0.000000
0.000000
0.000000
0.000000
0.000000
0.000000
0.000000
0.000000
0.000000
0.000000
0.000000
0.000000
0.000000
0.000000
0.000000
0.000000
0.000000
0.000000
0.000000
0.000000
0.000000
0.000000
0.000000
0.000000
0.000000
0.000000
0.000000
0.000000
0.000000
0.000000
0.000000
0.000000
0.000000
0.000000
0.000000
0.000000
0.000000
0.000000
0.000000
0.000000
0.000000
0.000000
0.000000
0.000000
0.000000
0.000000
0.000000
0.000000
0.000000
0.000000
0.000000
0.000000
0.000000
0.000000
0.000000
0.000000
0.000000
0.000000
0.000000
0.000000
0.000000
0.000000
0.000000
0.000000
0.000000
0.000000
0.000000
0.000000
0.000000
0.000000
0.000000
0.000000
0.000000
0.000000
0.000000
0.000000
0.000000
0.000000
0.000000
0.000000
0.000000
0.000000
0.000000
0.000000
0.000000
0.000000
0.000000
0.000000
0.000000
0.000000
0.000000
0.000000
0.000000
0.000000
0.000000
0.000000
0.000000
0.000000
0.000000
0.000000
0.000000
0.000000
0.000000
0.000000
0.000000
0.000000
0.000000
0.000000
0.000000
0.000000
0.000000
0.000000
0.000000
0.000000
0.000000
0.000000
0.000000
0.000000
0.000000
0.000000
0.000000
0.000000
0.000000
0.000000
0.000000
0.000000
0.000000
0.000000
0.000000
0.000000
0.000000
0.000000
0.000000
0.000000
0.000000
0.000000
0.000000
0.000000
0.000000
0.000000
0.000000
0.000000
0.000000
0.000000
0.000000
0.000000
0.000000
0.000000
0.000000
0.000000
0.000000
0.000000
0.000000
0.000000
0.000000
0.000000
0.000000
0.000000
0.000000
0.000000
0.000000
0.000000
0.000000
0.000000
0.000000
0.000000
0.000000
0.000000
0.000000
0.000000
0.000000
0.000000
0.000000
0.000000
0.000000
0.000000
0.000000
0.000000
0.000000
0.000000
0.000000
0.000000
0.000000
0.000000
0.000000
0.000000
0.000000
0.000000
0.000000
0.000000
0.000000
0.000000
0.000000
0.000000
0.000000
0.000000
0.000000
0.000000
0.000000
0.000000
0.000000
0.000000
0.000000
0.000000
0.000000
0.000000
0.000000
0.000000
0.000000
0.000000
0.000000
0.000000
0.000000
0.000000
0.000000
0.000000
0.000000
0.000000
0.000000
0.000000
0.000000
0.000000
0.000000
0.000000
0.000000
0.000000
0.000000
0.000000
0.000000
0.000000
0.000000
0.000000
0.000000
0.000000
0.000000
0.000000
0.000000
0.000000
0.000000
0.000000
0.000000
0.000000
0.000000
0.000000
0.000000
0.000000
0.000000
0.000000
0.000000
0.000000
0.000000
0.000000
0.000000
0.000000
0.000000
0.000000
0.000000
0.000000
0.000000
0.000000
0.000000
0.000000
0.000000
0.000000
0.000000
0.000000
0.000000
0.000000
0.000000
0.000000
0.000000
0.000000
0.000000
0.000000
0.000000
0.000000
0.000000
0.000000
0.000000
0.000000
0.000000
0.000000
0.000000
0.000000
0.000000
0.000000
0.000000
0.000000
0.000000
0.000000
0.000000
0.000000
0.000000
0.000000
0.000000
0.000000
0.000000
0.000000
0.000000
0.000000
0.000000
0.000000
0.000000
0.000000
0.000000
0.000000
0.000000
0.000000
0.000000
0.000000
0.000000
0.000000
0.000000
0.000000
0.000000
0.000000
0.000000
0.000000
0.000000
0.000000
0.000000
0.000000
0.000000
0.000000
0.000000
0.000000
0.000000
0.000000
0.000000
0.000000
0.000000
0.000000
0.000000
0.000000
0.000000
0.000000
0.000000
0.000000
0.000000
0.000000
0.000000
0.000000
0.000000
0.000000
0.000000
0.000000
0.000000
0.000000
0.000000
0.000000
0.000000
0.000000
0.000000
0.000000
0.000000
0.000000
0.000000
0.000000
0.000000
0.000000
0.000000
0.000000
0.000000
0.000000
0.000000
0.000000
0.000000
0.000000
0.000000
0.000000
0.000000
0.000000
0.000000
0.000000
0.000000
0.000000
0.000000
0.000000
0.000000
0.000000
0.000000
0.000000
0.000000
0.000000
0.000000
0.000000
0.000000
0.000000
0.000000
0.000000
0.000000
0.000000
0.000000
0.000000
0.000000
0.000000
0.000000
0.000000
0.000000
0.000000
0.000000
0.000000
0.000000
0.000000
0.000000
0.000000
0.000000
0.000000
0.000000
0.000000
0.000000
0.000000
0.000000
0.000000
0.000000
0.000000
0.000000
0.000000
0.000000
0.000000
0.000000
0.000000
0.000000
0.000000
0.000000
0.000000
0.000000
0.000000
0.000000
0.000000
0.000000
0.000000
0.000000
0.000000
0.000000
0.000000
0.000000
0.000000
0.000000
0.000000
0.000000
0.000000
0.000000
0.000000
0.000000
0.000000
0.000000
0.000000
0.000000
0.000000
0.000000
0.000000
0.000000
0.000000
0.000000
0.000000
0.000000
0.000000
0.000000
0.000000
0.000000
0.000000
0.000000
0.000000
0.000000
0.000000
0.000000
0.000000
0.000000
0.000000
0.000000
0.000000
0.000000
0.000000
0.000000
0.000000
0.000000
0.000000
0.000000
0.000000
0.000000
0.000000
0.000000
0.000000
0.000000
0.000000
0.000000
0.000000
0.000000
0.000000
0.000000
0.000000
0.000000
0.000000
0.000000
0.000000
0.000000
0.000000
0.000000
0.000000
0.000000
0.000000
0.000000
0.000000
0.000000
0.000000
0.000000
0.000000
0.000000
0.000000
0.000000
0.000000
0.000000
0.000000
0.000000
0.000000
0.000000
0.000000
0.000000
0.000000
0.000000
0.000000
0.000000
0.000000
0.000000
0.000000
0.000000
0.000000
0.000000
0.000000
0.000000
0.000000
0.000000
0.000000
0.000000
0.000000
0.000000
0.000000
0.000000
0.000000
0.000000
0.000000
0.000000
0.000000
0.000000
0.000000
0.000000
0.000000
0.000000
0.000000
0.000000
0.000000
0.000000
0.000000
0.000000
0.000000
0.000000
0.000000
0.000000
0.000000
0.000000
0.000000
0.000000
0.000000
0.000000
0.000000
0.000000
