0.013661
0.013637
0.013614
0.013591
0.013568
0.013546
0.013524
0.013502
0.013481
0.013459
0.013438
0.013418
0.013397
0.013377
0.013357
0.013338
0.013318
0.013299
0.013280
0.013261
0.013243
0.013224
0.013206
0.013189
0.013171
0.013153
0.013136
0.013119
0.013102
0.013085
0.013069
0.013053
0.013036
0.013020
0.013004
0.012989
0.012973
0.012958
0.012943
0.012928
0.012913
0.012898
0.012883
0.012869
0.012854
0.012840
0.012826
0.012812
0.012798
0.012784
0.012770
0.012757
0.012743
0.012730
0.012717
0.012704
0.012691
0.012678
0.012665
0.012652
0.012639
0.012627
0.012614
0.012602
0.012590
0.012578
0.012565
0.012553
0.012542
0.012530
0.012518
0.012506
0.012494
0.012483
0.012471
0.012460
0.012449
0.012437
0.012426
0.012415
0.012404
0.012393
0.012382
0.012371
0.012360
0.012349
0.012338
0.012327
0.012317
0.012306
0.012296
0.012285
0.012275
0.012264
0.012254
0.012243
0.012233
0.012223
0.012213
0.012203
0.012193
0.012182
0.012172
0.012162
0.012152
0.012143
0.012133
0.012123
0.012113
0.012103
0.012094
0.012084
0.012074
0.012065
0.012055
0.012045
0.012036
0.012026
0.012017
0.012007
0.011998
0.011989
0.011979
0.011970
0.011961
0.011951
0.011942
0.011933
0.011924
0.011914
0.011905
0.011896
0.011887
0.011878
0.011869
0.011860
0.011851
0.011842
0.011833
0.011824
0.011815
0.011806
0.011797
0.011788
0.011779
0.011770
0.011762
0.011753
0.011744
0.011735
0.011726
0.011718
0.011709
0.011700
0.011692
0.011683
0.011674
0.011666
0.011657
0.011648
0.011640
0.011631
0.011623
0.011614
0.011606
0.011597
0.011589
0.011580
0.011572
0.011563
0.011555
0.011546
0.011538
0.011529
0.011521
0.011513
0.011504
0.011496
0.011487
0.011479
0.011471
0.011462
0.011454
0.011446
0.011438
0.011429
0.011421
0.011413
0.011405
0.011396
0.011388
0.011380
0.011372
0.011363
0.011355
0.011347
0.011339
0.011331
0.011323
0.011315
0.011306
0.011298
0.011290
0.011282
0.011274
0.011266
0.011258
0.011250
0.011242
0.011234
0.011226
0.011218
0.011210
0.011202
0.011194
0.011186
0.011178
0.011170
0.011162
0.011154
0.011146
0.011138
0.011130
0.011122
0.011114
0.011106
0.011098
0.011090
0.011082
0.011075
0.011067
0.011059
0.011051
0.011043
0.011035
0.011027
0.011020
0.011012
0.011004
0.010996
0.010988
0.010981
0.010973
0.010965
0.010957
0.010949
0.010942
0.010934
0.010926
0.010918
0.010911
0.010903
0.010895
0.010887
0.010880
0.010872
0.010864
0.010857
0.010849
0.010841
0.010834
0.010826
0.010818
0.010811
0.010803
0.010795
0.010788
0.010780
0.010772
0.010765
0.010757
0.010750
0.010742
0.010734
0.010727
0.010719
0.010712
0.010704
0.010697
0.010689
0.010682
0.010674
0.010666
0.010659
0.010651
0.010644
0.010636
0.010629
0.010621
0.010614
0.010606
0.010599
0.010591
0.010584
0.010576
0.010569
0.010562
0.010554
0.010547
0.010539
0.010532
0.010524
0.010517
0.010509
0.010502
0.010495
0.010487
0.010480
0.010472
0.010465
0.010458
0.010450
0.010443
0.010436
0.010428
0.010421
0.010414
0.010406
0.010399
0.010392
0.010384
0.010377
0.010370
0.010362
0.010355
0.010348
0.010340
0.010333
0.010326
0.010319
0.010311
0.010304
0.010297
0.010290
0.010282
0.010275
0.010268
0.010261
0.010253
0.010246
0.010239
0.010232
0.010224
0.010217
0.010210
0.010203
0.010196
0.010189
0.010181
0.010174
0.010167
0.010160
0.010153
0.010146
0.010138
0.010131
0.010124
0.010117
0.010110
0.010103
0.010096
0.010089
0.010081
0.010074
0.010067
0.010060
0.010053
0.010046
0.010039
0.010032
0.010025
0.010018
0.010011
0.010004
0.009997
0.009990
0.009983
0.009976
0.009969
0.009961
0.009954
0.009947
0.009940
0.009933
0.009926
0.009919
0.009913
0.009906
0.009899
0.009892
0.009885
0.009878
0.009871
0.009864
0.009857
0.009850
0.009843
0.009836
0.009829
0.009822
0.009815
0.009808
0.009801
0.009795
0.009788
0.009781
0.009774
0.009767
0.009760
0.009753
0.009746
0.009740
0.009733
0.009726
0.009719
0.009712
0.009705
0.009699
0.009692
0.009685
0.009678
0.009671
0.009664
0.009658
0.009651
0.009644
0.009637
0.009631
0.009624
0.009617
0.009610
0.009603
0.009597
0.009590
0.009583
0.009576
0.009570
0.009563
0.009556
0.009550
0.009543
0.009536
0.009529
0.009523
0.009516
0.009509
0.009503
0.009496
0.009489
0.009483
0.009476
0.009469
0.009463
0.009456
0.009449
0.009443
0.009436
0.009429
0.009423
0.009416
0.009409
0.009403
0.009396
0.009390
0.009383
0.009376
0.009370
0.009363
0.009357
0.009350
0.009343
0.009337
0.009330
0.009324
0.009317
0.009311
0.009304
0.009298
0.009291
0.009284
0.009278
0.009271
0.009265
0.009258
0.009252
0.009245
0.009239
0.009232
0.009226
0.009219
0.009213
0.009206
0.009200
0.009193
0.009187
0.009180
0.009174
0.009168
0.009161
0.009155
0.009148
0.009142
0.009135
0.009129
0.009123
0.009116
0.009110
0.009103
0.009097
0.009090
0.009084
0.009078
0.009071
0.009065
0.009059
0.009052
0.009046
0.009039
0.009033
0.009027
0.009020
0.009014
0.009008
0.009001
0.008995
0.008989
0.008982
0.008976
0.008970
0.008963
0.008957
0.008951
0.008945
0.008938
0.008932
0.008926
0.008919
0.008913
0.008907
0.008901
0.008894
0.008888
0.008882
0.008876
0.008869
0.008863
0.008857
0.008851
0.008844
0.008838
0.008832
0.008826
0.008820
0.008813
0.008807
0.008801
0.008795
0.008789
0.008782
0.008776
0.008770
0.008764
0.008758
0.008752
0.008745
0.008739
0.008733
0.008727
0.008721
0.008715
0.008709
0.008702
0.008696
0.008690
0.008684
0.008678
0.008672
0.008666
0.008660
0.008654
0.008648
0.008641
0.008635
0.008629
0.008623
0.008617
0.008611
0.008605
0.008599
0.008593
0.008587
0.008581
0.008575
0.008569
0.008563
0.008557
0.008551
0.008545
0.008539
0.008533
0.008527
0.008521
0.008515
0.008509
0.008503
0.008497
0.008491
0.008485
0.008479
0.008473
0.008467
0.008461
0.008455
0.008449
0.008443
0.008437
0.008431
0.008425
0.008419
0.008414
0.008408
0.008402
0.008396
0.008390
0.008384
0.008378
0.008372
0.008366
0.008360
0.008355
0.008349
0.008343
0.008337
0.008331
0.008325
0.008319
0.008314
0.008308
0.008302
0.008296
0.008290
0.008284
0.008278
0.008273
0.008267
0.008261
0.008255
0.008249
0.008244
0.008238
0.008232
0.008226
0.008220
0.008215
0.008209
0.008203
0.008197
0.008192
0.008186
0.008180
0.008174
0.008169
0.008163
0.008157
0.008151
0.008146
0.008140
0.008134
0.008128
0.008123
0.008117
0.008111
0.008106
0.008100
0.008094
0.008089
0.008083
0.008077
0.008071
0.008066
0.008060
0.008054
0.008049
0.008043
0.008038
0.008032
0.008026
0.008021
0.008015
0.008009
0.008004
0.007998
0.007992
0.007987
0.007981
0.007976
0.007970
0.007964
0.007959
0.007953
0.007948
0.007942
0.007936
0.007931
0.007925
0.007920
0.007914
0.007909
0.007903
0.007897
0.007892
0.007886
0.007881
0.007875
0.007870
0.007864
0.007859
0.007853
0.007848
0.007842
0.007837
0.007831
0.007826
0.007820
0.007815
0.007809
0.007804
0.007798
0.007793
0.007787
0.007782
0.007776
0.007771
0.007765
0.007760
0.007754
0.007749
0.007743
0.007738
0.007733
0.007727
0.007722
0.007716
0.007711
0.007705
0.007700
0.007695
0.007689
0.007684
0.007678
0.007673
0.007668
0.007662
0.007657
0.007651
0.007646
0.007641
0.007635
0.007630
0.007625
0.007619
0.007614
0.007608
0.007603
0.007598
0.007592
0.007587
0.007582
0.007576
0.007571
0.007566
0.007560
0.007555
0.007550
0.007545
0.007539
0.007534
0.007529
0.007523
0.007518
0.007513
0.007507
0.007502
0.007497
0.007492
0.007486
0.007481
0.007476
0.007471
0.007465
0.007460
0.007455
0.007450
0.007444
0.007439
0.007434
0.007429
0.007424
0.007418
0.007413
0.007408
0.007403
0.007397
0.007392
0.007387
0.007382
0.007377
0.007371
0.007366
0.007361
0.007356
0.007351
0.007346
0.007340
0.007335
0.007330
0.007325
0.007320
0.007315
0.007310
0.007304
0.007299
0.007294
0.007289
0.007284
0.007279
0.007274
0.007269
0.007263
0.007258
0.007253
0.007248
0.007243
0.007238
0.007233
0.007228
0.007223
0.007218
0.007213
0.007207
0.007202
0.007197
0.007192
0.007187
0.007182
0.007177
0.007172
0.007167
0.007162
0.007157
0.007152
0.007147
0.007142
0.007137
0.007132
0.007127
0.007122
0.007117
0.007112
0.007107
0.007102
0.007097
0.007092
0.007087
0.007082
0.007077
0.007072
0.007067
0.007062
0.007057
0.007052
0.007047
0.007042
0.007037
0.007032
0.007027
0.007022
0.007017
0.007013
0.007008
0.007003
0.006998
0.006993
0.006988
0.006983
0.006978
0.006973
0.006968
0.006963
0.006959
0.006954
0.006949
0.006944
0.006939
0.006934
0.006929
0.006924
0.006919
0.006915
0.006910
0.006905
0.006900
0.006895
0.006890
0.006886
0.006881
0.006876
0.006871
0.006866
0.006861
0.006857
0.006852
0.006847
0.006842
0.006837
0.006832
0.006828
0.006823
0.006818
0.006813
0.006809
0.006804
0.006799
0.006794
0.006789
0.006785
0.006780
0.006775
0.006770
0.006766
0.006761
0.006756
0.006751
0.006747
0.006742
0.006737
0.006732
0.006728
0.006723
0.006718
0.006713
0.006709
0.006704
0.006699
0.006695
0.006690
0.006685
0.006681
0.006676
0.006671
0.006666
0.006662
0.006657
0.006652
0.006648
0.006643
0.006638
0.006634
0.006629
0.006624
0.006620
0.006615
0.006610
0.006606
0.006601
0.006597
0.006592
0.006587
0.006583
0.006578
0.006573
0.006569
0.006564
0.006560
0.006555
0.006550
0.006546
0.006541
0.006537
0.006532
0.006527
0.006523
0.006518
0.006514
0.006509
0.006504
0.006500
0.006495
0.006491
0.006486
0.006482
0.006477
0.006473
0.006468
0.006463
0.006459
0.006454
0.006450
0.006445
0.006441
0.006436
0.006432
0.006427
0.006423
0.006418
0.006414
0.006409
0.006405
0.006400
0.006396
0.006391
0.006387
0.006382
0.006378
0.006373
0.006369
0.006364
0.006360
0.006355
0.006351
0.006346
0.006342
0.006337
0.006333
0.006329
0.006324
0.006320
0.006315
0.006311
0.006306
0.006302
0.006298
0.006293
0.006289
0.006284
0.006280
0.006275
0.006271
0.006267
0.006262
0.006258
0.006253
0.006249
0.006245
0.006240
0.006236
0.006231
0.006227
0.006223
0.006218
0.006214
0.006210
0.006205
0.006201
0.006197
0.006192
0.006188
0.006183
0.006179
0.006175
0.006170
0.006166
0.006162
0.006157
0.006153
0.006149
0.006145
0.006140
0.006136
0.006132
0.006127
0.006123
0.006119
0.006114
0.006110
0.006106
0.006101
0.006097
0.006093
0.006089
0.006084
0.006080
0.006076
0.006072
0.006067
0.006063
0.006059
0.006054
0.006050
0.006046
0.006042
0.006038
0.006033
0.006029
0.006025
0.006021
0.006016
0.006012
0.006008
0.006004
0.005999
0.005995
0.005991
0.005987
0.005983
0.005978
0.005974
0.005970
0.005966
0.005962
0.005957
0.005953
0.005949
0.005945
0.005941
0.005937
0.005932
0.005928
0.005924
0.005920
0.005916
0.005912
0.005907
0.005903
0.005899
0.005895
0.005891
0.005887
0.005883
0.005878
0.005874
0.005870
0.005866
0.005862
0.005858
0.005854
0.005850
0.005845
0.005841
0.005837
0.005833
0.005829
0.005825
0.005821
0.005817
0.005813
0.005809
0.005805
0.005800
0.005796
0.005792
0.005788
0.005784
0.005780
0.005776
0.005772
0.005768
0.005764
0.005760
0.005756
0.005752
0.005748
0.005744
0.005740
0.005736
0.005732
0.005728
0.005724
0.005720
0.005716
0.005712
0.005707
0.005703
0.005699
0.005695
0.005691
0.005687
0.005683
0.005679
0.005676
0.005672
0.005668
0.005664
0.005660
0.005656
0.005652
0.005648
0.005644
0.005640
0.005636
0.005632
0.005628
0.005624
0.005620
0.005616
0.005612
0.005608
0.005604
0.005600
0.005596
0.005592
0.005588
0.005585
0.005581
0.005577
0.005573
0.005569
0.005565
0.005561
0.005557
0.005553
0.005549
0.005545
0.005542
0.005538
0.005534
0.005530
0.005526
0.005522
0.005518
0.005514
0.005510
0.005507
0.005503
0.005499
0.005495
0.005491
0.005487
0.005483
0.005480
0.005476
0.005472
0.005468
0.005464
0.005460
0.005457
0.005453
0.005449
0.005445
0.005441
0.005437
0.005434
0.005430
0.005426
0.005422
0.005418
0.005415
0.005411
0.005407
0.005403
0.005399
0.005396
0.005392
0.005388
0.005384
0.005380
0.005377
0.005373
0.005369
0.005365
0.005362
0.005358
0.005354
0.005350
0.005347
0.005343
0.005339
0.005335
0.005332
0.005328
0.005324
0.005320
0.005317
0.005313
0.005309
0.005305
0.005302
0.005298
0.005294
0.005291
0.005287
0.005283
0.005279
0.005276
0.005272
0.005268
0.005265
0.005261
0.005257
0.005253
0.005250
0.005246
0.005242
0.005239
0.005235
0.005231
0.005228
0.005224
0.005220
0.005217
0.005213
0.005209
0.005206
0.005202
0.005198
0.005195
0.005191
0.005187
0.005184
0.005180
0.005177
0.005173
0.005169
0.005166
0.005162
0.005158
0.005155
0.005151
0.005148
0.005144
0.005140
0.005137
0.005133
0.005130
0.005126
0.005122
0.005119
0.005115
0.005112
0.005108
0.005104
0.005101
0.005097
0.005094
0.005090
0.005086
0.005083
0.005079
0.005076
0.005072
0.005069
0.005065
0.005062
0.005058
0.005054
0.005051
0.005047
0.005044
0.005040
0.005037
0.005033
0.005030
0.005026
0.005023
0.005019
0.005016
0.005012
0.005008
0.005005
0.005001
0.004998
0.004994
0.004991
0.004987
0.004984
0.004980
0.004977
0.004973
0.004970
0.004966
0.004963
0.004959
0.004956
0.004953
0.004949
0.004946
0.004942
0.004939
0.004935
0.004932
0.004928
0.004925
0.004921
0.004918
0.004914
0.004911
0.004908
0.004904
0.004901
0.004897
0.004894
0.004890
0.004887
0.004883
0.004880
0.004877
0.004873
0.004870
0.004866
0.004863
0.004860
0.004856
0.004853
0.004849
0.004846
0.004842
0.004839
0.004836
0.004832
0.004829
0.004825
0.004822
0.004819
0.004815
0.004812
0.004809
0.004805
0.004802
0.004798
0.004795
0.004792
0.004788
0.004785
0.004782
0.004778
0.004775
0.004772
0.004768
0.004765
0.004762
0.004758
0.004755
0.004752
0.004748
0.004745
0.004742
0.004738
0.004735
0.004732
0.004728
0.004725
0.004722
0.004718
0.004715
0.004712
0.004708
0.004705
0.004702
0.004698
0.004695
0.004692
0.004689
0.004685
0.004682
0.004679
0.004675
0.004672
0.004669
0.004666
0.004662
0.004659
0.004656
0.004652
0.004649
0.004646
0.004643
0.004639
0.004636
0.004633
0.004630
0.004626
0.004623
0.004620
0.004617
0.004613
0.004610
0.004607
0.004604
0.004601
0.004597
0.004594
0.004591
0.004588
0.004584
0.004581
0.004578
0.004575
0.004572
0.004568
0.004565
0.004562
0.004559
0.004556
0.004552
0.004549
0.004546
0.004543
0.004540
0.004536
0.004533
0.004530
0.004527
0.004524
0.004520
0.004517
0.004514
0.004511
0.004508
0.004505
0.004501
0.004498
0.004495
0.004492
0.004489
0.004486
0.004483
0.004479
0.004476
0.004473
0.004470
0.004467
0.004464
0.004461
0.004457
0.004454
0.004451
0.004448
0.004445
0.004442
0.004439
0.004436
0.004432
0.004429
0.004426
0.004423
0.004420
0.004417
0.004414
0.004411
0.004408
0.004405
0.004401
0.004398
0.004395
0.004392
0.004389
0.004386
0.004383
0.004380
0.004377
0.004374
0.004371
0.004368
0.004365
0.004362
0.004358
0.004355
0.004352
0.004349
0.004346
0.004343
0.004340
0.004337
0.004334
0.004331
0.004328
0.004325
0.004322
0.004319
0.004316
0.004313
0.004310
0.004307
0.004304
0.004301
0.004298
0.004295
0.004292
0.004289
0.004286
0.004283
0.004280
0.004277
0.004274
0.004271
0.004268
0.004265
0.004262
0.004259
0.004256
0.004253
0.004250
0.004247
0.004244
0.004241
0.004238
0.004235
0.004232
0.004229
0.004226
0.004223
0.004220
0.004217
0.004214
0.004211
0.004208
0.004205
0.004202
0.004199
0.004196
0.004193
0.004190
0.004188
0.004185
0.004182
0.004179
0.004176
0.004173
0.004170
0.004167
0.004164
0.004161
0.004158
0.004155
0.004152
0.004149
0.004147
0.004144
0.004141
0.004138
0.004135
0.004132
0.004129
0.004126
0.004123
0.004120
0.004118
0.004115
0.004112
0.004109
0.004106
0.004103
0.004100
0.004097
0.004095
0.004092
0.004089
0.004086
0.004083
0.004080
0.004077
0.004074
0.004072
0.004069
0.004066
0.004063
0.004060
0.004057
0.004054
0.004052
0.004049
0.004046
0.004043
0.004040
0.004037
0.004035
0.004032
0.004029
0.004026
0.004023
0.004020
0.004018
0.004015
0.004012
0.004009
0.004006
0.004004
0.004001
0.003998
0.003995
0.003992
0.003990
0.003987
0.003984
0.003981
0.003978
0.003976
0.003973
0.003970
0.003967
0.003964
0.003962
0.003959
0.003956
0.003953
0.003951
0.003948
0.003945
0.003942
0.003939
0.003937
0.003934
0.003931
0.003928
0.003926
0.003923
0.003920
0.003917
0.003915
0.003912
0.003909
0.003906
0.003904
0.003901
0.003898
0.003896
0.003893
0.003890
0.003887
0.003885
0.003882
0.003879
0.003876
0.003874
0.003871
0.003868
0.003866
0.003863
0.003860
0.003857
0.003855
0.003852
0.003849
0.003847
0.003844
0.003841
0.003839
0.003836
0.003833
0.003830
0.003828
0.003825
0.003822
0.003820
0.003817
0.003814
0.003812
0.003809
0.003806
0.003804
0.003801
0.003798
0.003796
0.003793
0.003790
0.003788
0.003785
0.003782
0.003780
0.003777
0.003774
0.003772
0.003769
0.003767
0.003764
0.003761
0.003759
0.003756
0.003753
0.003751
0.003748
0.003745
0.003743
0.003740
0.003738
0.003735
0.003732
0.003730
0.003727
0.003724
0.003722
0.003719
0.003717
0.003714
0.003711
0.003709
0.003706
0.003704
0.003701
0.003698
0.003696
0.003693
0.003691
0.003688
0.003685
0.003683
0.003680
0.003678
0.003675
0.003673
0.003670
0.003667
0.003665
0.003662
0.003660
0.003657
0.003655
0.003652
0.003649
0.003647
0.003644
0.003642
0.003639
0.003637
0.003634
0.003632
0.003629
0.003626
0.003624
0.003621
0.003619
0.003616
0.003614
0.003611
0.003609
0.003606
0.003604
0.003601
0.003599
0.003596
0.003594
0.003591
0.003589
0.003586
0.003583
0.003581
0.003578
0.003576
0.003573
0.003571
0.003568
0.003566
0.003563
0.003561
0.003558
0.003556
0.003553
0.003551
0.003548
0.003546
0.003543
0.003541
0.003539
0.003536
0.003534
0.003531
0.003529
0.003526
0.003524
0.003521
0.003519
0.003516
0.003514
0.003511
0.003509
0.003506
0.003504
0.003501
0.003499
0.003497
0.003494
0.003492
0.003489
0.003487
0.003484
0.003482
0.003479
0.003477
0.003475
0.003472
0.003470
0.003467
0.003465
0.003462
0.003460
0.003458
0.003455
0.003453
0.003450
0.003448
0.003445
0.003443
0.003441
0.003438
0.003436
0.003433
0.003431
0.003429
0.003426
0.003424
0.003421
0.003419
0.003417
0.003414
0.003412
0.003409
0.003407
0.003405
0.003402
0.003400
0.003397
0.003395
0.003393
0.003390
0.003388
0.003386
0.003383
0.003381
0.003378
0.003376
0.003374
0.003371
0.003369
0.003367
0.003364
0.003362
0.003360
0.003357
0.003355
0.003352
0.003350
0.003348
0.003345
0.003343
0.003341
0.003338
0.003336
0.003334
0.003331
0.003329
0.003327
0.003324
0.003322
0.003320
0.003317
0.003315
0.003313
0.003310
0.003308
0.003306
0.003303
0.003301
0.003299
0.003297
0.003294
0.003292
0.003290
0.003287
0.003285
0.003283
0.003280
0.003278
0.003276
0.003273
0.003271
0.003269
0.003267
0.003264
0.003262
0.003260
0.003257
0.003255
0.003253
0.003251
0.003248
0.003246
0.003244
0.003242
0.003239
0.003237
0.003235
0.003232
0.003230
0.003228
0.003226
0.003223
0.003221
0.003219
0.003217
0.003214
0.003212
0.003210
0.003208
0.003205
0.003203
0.003201
0.003199
0.003196
0.003194
0.003192
0.003190
0.003187
0.003185
0.003183
0.003181
0.003178
0.003176
0.003174
0.003172
0.003170
0.003167
0.003165
0.003163
0.003161
0.003158
0.003156
0.003154
0.003152
0.003150
0.003147
0.003145
0.003143
0.003141
0.003139
0.003136
0.003134
0.003132
0.003130
0.003128
0.003125
0.003123
0.003121
0.003119
0.003117
0.003115
0.003112
0.003110
0.003108
0.003106
0.003104
0.003101
0.003099
0.003097
0.003095
0.003093
0.003091
0.003088
0.003086
0.003084
0.003082
0.003080
0.003078
0.003075
0.003073
0.003071
0.003069
0.003067
0.003065
0.003063
0.003060
0.003058
0.003056
0.003054
0.003052
0.003050
0.003048
0.003045
0.003043
0.003041
0.003039
0.003037
0.003035
0.003033
0.003031
0.003028
0.003026
0.003024
0.003022
0.003020
0.003018
0.003016
0.003014
0.003011
0.003009
0.003007
0.003005
0.003003
0.003001
0.002999
0.002997
0.002995
0.002993
0.002990
0.002988
0.002986
0.002984
0.002982
0.002980
0.002978
0.002976
0.002974
0.002972
0.002970
0.002967
0.002965
0.002963
0.002961
0.002959
0.002957
0.002955
0.002953
0.002951
0.002949
0.002947
0.002945
0.002943
0.002941
0.002938
0.002936
0.002934
0.002932
0.002930
0.002928
0.002926
0.002924
0.002922
0.002920
0.002918
0.002916
0.002914
0.002912
0.002910
0.002908
0.002906
0.002904
0.002902
0.002900
0.002898
0.002896
0.002893
0.002891
0.002889
0.002887
0.002885
0.002883
0.002881
0.002879
0.002877
0.002875
0.002873
0.002871
0.002869
0.002867
0.002865
0.002863
0.002861
0.002859
0.002857
0.002855
0.002853
0.002851
0.002849
0.002847
0.002845
0.002843
0.002841
0.002839
0.002837
0.002835
0.002833
0.002831
0.002829
0.002827
0.002825
0.002823
0.002821
0.002819
0.002817
0.002815
0.002813
0.002812
0.002810
0.002808
0.002806
0.002804
0.002802
0.002800
0.002798
0.002796
0.002794
0.002792
0.002790
0.002788
0.002786
0.002784
0.002782
0.002780
0.002778
0.002776
0.002774
0.002772
0.002770
0.002768
0.002767
0.002765
0.002763
0.002761
0.002759
0.002757
0.002755
0.002753
0.002751
0.002749
0.002747
0.002745
0.002743
0.002741
0.002740
0.002738
0.002736
0.002734
0.002732
0.002730
0.002728
0.002726
0.002724
0.002722
0.002720
0.002718
0.002717
0.002715
0.002713
0.002711
0.002709
0.002707
0.002705
0.002703
0.002701
0.002700
0.002698
0.002696
0.002694
0.002692
0.002690
0.002688
0.002686
0.002684
0.002683
0.002681
0.002679
0.002677
0.002675
0.002673
0.002671
0.002669
0.002668
0.002666
0.002664
0.002662
0.002660
0.002658
0.002656
0.002654
0.002653
0.002651
0.002649
0.002647
0.002645
0.002643
0.002641
0.002640
0.002638
0.002636
0.002634
0.002632
0.002630
0.002629
0.002627
0.002625
0.002623
0.002621
0.002619
0.002618
0.002616
0.002614
0.002612
0.002610
0.002608
0.002607
0.002605
0.002603
0.002601
0.002599
0.002597
0.002596
0.002594
0.002592
0.002590
0.002588
0.002587
0.002585
0.002583
0.002581
0.002579
0.002577
0.002576
0.002574
0.002572
0.002570
0.002568
0.002567
0.002565
0.002563
0.002561
0.002560
0.002558
0.002556
0.002554
0.002552
0.002551
0.002549
0.002547
0.002545
0.002543
0.002542
0.002540
0.002538
0.002536
0.002535
0.002533
0.002531
0.002529
0.002527
0.002526
0.002524
0.002522
0.002520
0.002519
0.002517
0.002515
0.002513
0.002512
0.002510
0.002508
0.002506
0.002505
0.002503
0.002501
0.002499
0.002497
0.002496
0.002494
0.002492
0.002491
0.002489
0.002487
0.002485
0.002484
0.002482
0.002480
0.002478
0.002477
0.002475
0.002473
0.002471
0.002470
0.002468
0.002466
0.002464
0.002463
0.002461
0.002459
0.002458
0.002456
0.002454
0.002452
0.002451
0.002449
0.002447
0.002446
0.002444
0.002442
0.002440
0.002439
0.002437
0.002435
0.002434
0.002432
0.002430
0.002428
0.002427
0.002425
0.002423
0.002422
0.002420
0.002418
0.002417
0.002415
0.002413
0.002412
0.002410
0.002408
0.002406
0.002405
0.002403
0.002401
0.002400
0.002398
0.002396
0.002395
0.002393
0.002391
0.002390
0.002388
0.002386
0.002385
0.002383
0.002381
0.002380
0.002378
0.002376
0.002375
0.002373
0.002371
0.002370
0.002368
0.002366
0.002365
0.002363
0.002361
0.002360
0.002358
0.002356
0.002355
0.002353
0.002351
0.002350
0.002348
0.002347
0.002345
0.002343
0.002342
0.002340
0.002338
0.002337
0.002335
0.002333
0.002332
0.002330
0.002329
0.002327
0.002325
0.002324
0.002322
0.002320
0.002319
0.002317
0.002316
0.002314
0.002312
0.002311
0.002309
0.002307
0.002306
0.002304
0.002303
0.002301
0.002299
0.002298
0.002296
0.002295
0.002293
0.002291
0.002290
0.002288
0.002286
0.002285
0.002283
0.002282
0.002280
0.002279
0.002277
0.002275
0.002274
0.002272
0.002271
0.002269
0.002267
0.002266
0.002264
0.002263
0.002261
0.002259
0.002258
0.002256
0.002255
0.002253
0.002252
0.002250
0.002248
0.002247
0.002245
0.002244
0.002242
0.002241
0.002239
0.002237
0.002236
0.002234
0.002233
0.002231
0.002230
0.002228
0.002226
0.002225
0.002223
0.002222
0.002220
0.002219
0.002217
0.002216
0.002214
0.002212
0.002211
0.002209
0.002208
0.002206
0.002205
0.002203
0.002202
0.002200
0.002199
0.002197
0.002195
0.002194
0.002192
0.002191
0.002189
0.002188
0.002186
0.002185
0.002183
0.002182
0.002180
0.002179
0.002177
0.002176
0.002174
0.002173
0.002171
0.002169
0.002168
0.002166
0.002165
0.002163
0.002162
0.002160
0.002159
0.002157
0.002156
0.002154
0.002153
0.002151
0.002150
0.002148
0.002147
0.002145
0.002144
0.002142
0.002141
0.002139
0.002138
0.002136
0.002135
0.002133
0.002132
0.002130
0.002129
0.002127
0.002126
0.002124
0.002123
0.002121
0.002120
0.002118
0.002117
0.002115
0.002114
0.002113
0.002111
0.002110
0.002108
0.002107
0.002105
0.002104
0.002102
0.002101
0.002099
0.002098
0.002096
0.002095
0.002093
0.002092
0.002090
0.002089
0.002088
0.002086
0.002085
0.002083
0.002082
0.002080
0.002079
0.002077
0.002076
0.002074
0.002073
0.002072
0.002070
0.002069
0.002067
0.002066
0.002064
0.002063
0.002061
0.002060
0.002058
0.002057
0.002056
0.002054
0.002053
0.002051
0.002050
0.002048
0.002047
0.002046
0.002044
0.002043
0.002041
0.002040
0.002038
0.002037
0.002036
0.002034
0.002033
0.002031
0.002030
0.002028
0.002027
0.002026
0.002024
0.002023
0.002021
0.002020
0.002019
0.002017
0.002016
0.002014
0.002013
0.002011
0.002010
0.002009
0.002007
0.002006
0.002004
0.002003
0.002002
0.002000
0.001999
0.001997
0.001996
0.001995
0.001993
0.001992
0.001990
0.001989
0.001988
0.001986
0.001985
0.001984
0.001982
0.001981
0.001979
0.001978
0.001977
0.001975
0.001974
0.001972
0.001971
0.001970
0.001968
0.001967
0.001966
0.001964
0.001963
0.001961
0.001960
0.001959
0.001957
0.001956
0.001955
0.001953
0.001952
0.001950
0.001949
0.001948
0.001946
0.001945
0.001944
0.001942
0.001941
0.001940
0.001938
0.001937
0.001935
0.001934
0.001933
0.001931
0.001930
0.001929
0.001927
0.001926
0.001925
0.001923
0.001922
0.001921
0.001919
0.001918
0.001917
0.001915
0.001914
0.001913
0.001911
0.001910
0.001909
0.001907
0.001906
0.001905
0.001903
0.001902
0.001901
0.001899
0.001898
0.001897
0.001895
0.001894
0.001893
0.001891
0.001890
0.001889
0.001887
0.001886
0.001885
0.001883
0.001882
0.001881
0.001879
0.001878
0.001877
0.001875
0.001874
0.001873
0.001872
0.001870
0.001869
0.001868
0.001866
0.001865
0.001864
0.001862
0.001861
0.001860
0.001858
0.001857
0.001856
0.001855
0.001853
0.001852
0.001851
0.001849
0.001848
0.001847
0.001846
0.001844
0.001843
0.001842
0.001840
0.001839
0.001838
0.001837
0.001835
0.001834
0.001833
0.001831
0.001830
0.001829
0.001828
0.001826
0.001825
0.001824
0.001822
0.001821
0.001820
0.001819
0.001817
0.001816
0.001815
0.001814
0.001812
0.001811
0.001810
0.001808
0.001807
0.001806
0.001805
0.001803
0.001802
0.001801
0.001800
0.001798
0.001797
0.001796
0.001795
0.001793
0.001792
0.001791
0.001790
0.001788
0.001787
0.001786
0.001785
0.001783
0.001782
0.001781
0.001780
0.001778
0.001777
0.001776
0.001775
0.001773
0.001772
0.001771
0.001770
0.001768
0.001767
0.001766
0.001765
0.001763
0.001762
0.001761
0.001760
0.001759
0.001757
0.001756
0.001755
0.001754
0.001752
0.001751
0.001750
0.001749
0.001747
0.001746
0.001745
0.001744
0.001743
0.001741
0.001740
0.001739
0.001738
0.001737
0.001735
0.001734
0.001733
0.001732
0.001730
0.001729
0.001728
0.001727
0.001726
0.001724
0.001723
0.001722
0.001721
0.001720
0.001718
0.001717
0.001716
0.001715
0.001714
0.001712
0.001711
0.001710
0.001709
0.001708
0.001706
0.001705
0.001704
0.001703
0.001702
0.001700
0.001699
0.001698
0.001697
0.001696
0.001694
0.001693
0.001692
0.001691
0.001690
0.001689
0.001687
0.001686
0.001685
0.001684
0.001683
0.001682
0.001680
0.001679
0.001678
0.001677
0.001676
0.001674
0.001673
0.001672
0.001671
0.001670
0.001669
0.001667
0.001666
0.001665
0.001664
0.001663
0.001662
0.001660
0.001659
0.001658
0.001657
0.001656
0.001655
0.001654
0.001652
0.001651
0.001650
0.001649
0.001648
0.001647
0.001645
0.001644
0.001643
0.001642
0.001641
0.001640
0.001639
0.001637
0.001636
0.001635
0.001634
0.001633
0.001632
0.001631
0.001629
0.001628
0.001627
0.001626
0.001625
0.001624
0.001623
0.001621
0.001620
0.001619
0.001618
0.001617
0.001616
0.001615
0.001614
0.001612
0.001611
0.001610
0.001609
0.001608
0.001607
0.001606
0.001604
0.001603
0.001602
0.001601
0.001600
0.001599
0.001598
0.001597
0.001596
0.001594
0.001593
0.001592
0.001591
0.001590
0.001589
0.001588
0.001587
0.001586
0.001584
