0.009137
0.009137
0.009057
0.008982
0.008911
0.008845
0.008782
0.008722
0.008666
0.008612
0.008561
0.008512
0.008465
0.008419
0.008376
0.008334
0.008293
0.008254
0.008216
0.008179
0.008143
0.008107
0.008073
0.008039
0.008006
0.007974
0.007942
0.007910
0.007879
0.007849
0.007819
0.007789
0.007760
0.007731
0.007702
0.007673
0.007645
0.007617
0.007589
0.007562
0.007535
0.007507
0.007480
0.007454
0.007427
0.007401
0.007374
0.007348
0.007322
0.007296
0.007270
0.007245
0.007219
0.007194
0.007169
0.007143
0.007118
0.007093
0.007069
0.007044
0.007019
0.006995
0.006970
0.006946
0.006922
0.006897
0.006873
0.006849
0.006825
0.006802
0.006778
0.006754
0.006731
0.006707
0.006684
0.006661
0.006637
0.006614
0.006591
0.006568
0.006546
0.006523
0.006500
0.006477
0.006455
0.006432
0.006410
0.006388
0.006365
0.006343
0.006321
0.006299
0.006277
0.006256
0.006234
0.006212
0.006190
0.006169
0.006148
0.006126
0.006105
0.006084
0.006062
0.006041
0.006020
0.005999
0.005979
0.005958
0.005937
0.005916
0.005896
0.005875
0.005855
0.005835
0.005814
0.005794
0.005774
0.005754
0.005734
0.005714
0.005694
0.005674
0.005655
0.005635
0.005615
0.005596
0.005576
0.005557
0.005538
0.005518
0.005499
0.005480
0.005461
0.005442
0.005423
0.005404
0.005386
0.005367
0.005348
0.005330
0.005311
0.005293
0.005274
0.005256
0.005238
0.005220
0.005202
0.005183
0.005165
0.005148
0.005130
0.005112
0.005094
0.005076
0.005059
0.005041
0.005024
0.005006
0.004989
0.004972
0.004954
0.004937
0.004920
0.004903
0.004886
0.004869
0.004852
0.004835
0.004818
0.004802
0.004785
0.004768
0.004752
0.004735
0.004719
0.004703
0.004686
0.004670
0.004654
0.004638
0.004621
0.004605
0.004589
0.004574
0.004558
0.004542
0.004526
0.004510
0.004495
0.004479
0.004464
0.004448
0.004433
0.004417
0.004402
0.004387
0.004372
0.004356
0.004341
0.004326
0.004311
0.004296
0.004281
0.004267
0.004252
0.004237
0.004222
0.004208
0.004193
0.004179
0.004164
0.004150
0.004135
0.004121
0.004107
0.004092
0.004078
0.004064
0.004050
0.004036
0.004022
0.004008
0.003994
0.003980
0.003966
0.003953
0.003939
0.003925
0.003912
0.003898
0.003885
0.003871
0.003858
0.003844
0.003831
0.003818
0.003805
0.003791
0.003778
0.003765
0.003752
0.003739
0.003726
0.003713
0.003700
0.003688
0.003675
0.003662
0.003649
0.003637
0.003624
0.003612
0.003599
0.003587
0.003574
0.003562
0.003550
0.003537
0.003525
0.003513
0.003501
0.003489
0.003476
0.003464
0.003452
0.003440
0.003429
0.003417
0.003405
0.003393
0.003381
0.003370
0.003358
0.003346
0.003335
0.003323
0.003312
0.003300
0.003289
0.003277
0.003266
0.003255
0.003244
0.003232
0.003221
0.003210
0.003199
0.003188
0.003177
0.003166
0.003155
0.003144
0.003133
0.003122
0.003111
0.003101
0.003090
0.003079
0.003069
0.003058
0.003047
0.003037
0.003026
0.003016
0.003005
0.002995
0.002985
0.002974
0.002964
0.002954
0.002944
0.002933
0.002923
0.002913
0.002903
0.002893
0.002883
0.002873
0.002863
0.002853
0.002843
0.002834
0.002824
0.002814
0.002804
0.002795
0.002785
0.002775
0.002766
0.002756
0.002747
0.002737
0.002728
0.002718
0.002709
0.002700
0.002690
0.002681
0.002672
0.002662
0.002653
0.002644
0.002635
0.002626
0.002617
0.002608
0.002599
0.002590
0.002581
0.002572
0.002563
0.002554
0.002545
0.002537
0.002528
0.002519
0.002510
0.002502
0.002493
0.002484
0.002476
0.002467
0.002459
0.002450
0.002442
0.002433
0.002425
0.002417
0.002408
0.002400
0.002392
0.002383
0.002375
0.002367
0.002359
0.002351
0.002343
0.002335
0.002326
0.002318
0.002310
0.002302
0.002295
0.002287
0.002279
0.002271
0.002263
0.002255
0.002247
0.002240
0.002232
0.002224
0.002217
0.002209
0.002201
0.002194
0.002186
0.002179
0.002171
0.002164
0.002156
0.002149
0.002141
0.002134
0.002127
0.002119
0.002112
0.002105
0.002097
0.002090
0.002083
0.002076
0.002069
0.002061
0.002054
0.002047
0.002040
0.002033
0.002026
0.002019
0.002012
0.002005
0.001998
0.001992
0.001985
0.001978
0.001971
0.001964
0.001957
0.001951
0.001944
0.001937
0.001931
0.001924
0.001917
0.001911
0.001904
0.001898
0.001891
0.001885
0.001878
0.001872
0.001865
0.001859
0.001852
0.001846
0.001840
0.001833
0.001827
0.001821
0.001814
0.001808
0.001802
0.001796
0.001789
0.001783
0.001777
0.001771
0.001765
0.001759
0.001753
0.001747
0.001741
0.001735
0.001729
0.001723
0.001717
0.001711
0.001705
0.001699
0.001693
0.001688
0.001682
0.001676
0.001670
0.001664
0.001659
0.001653
0.001647
0.001642
0.001636
0.001630
0.001625
0.001619
0.001614
0.001608
0.001603
0.001597
0.001592
0.001586
0.001581
0.001575
0.001570
0.001564
0.001559
0.001554
0.001548
0.001543
0.001538
0.001532
0.001527
0.001522
0.001517
0.001511
0.001506
0.001501
0.001496
0.001491
0.001486
0.001480
0.001475
0.001470
0.001465
0.001460
0.001455
0.001450
0.001445
0.001440
0.001435
0.001430
0.001425
0.001421
0.001416
0.001411
0.001406
0.001401
0.001396
0.001392
0.001387
0.001382
0.001377
0.001372
0.001368
0.001363
0.001358
0.001354
0.001349
0.001344
0.001340
0.001335
0.001331
0.001326
0.001321
0.001317
0.001312
0.001308
0.001303
0.001299
0.001295
0.001290
0.001286
0.001281
0.001277
0.001272
0.001268
0.001264
0.001259
0.001255
0.001251
0.001246
0.001242
0.001238
0.001234
0.001229
0.001225
0.001221
0.001217
0.001213
0.001208
0.001204
0.001200
0.001196
0.001192
0.001188
0.001184
0.001180
0.001176
0.001172
0.001168
0.001164
0.001160
0.001156
0.001152
0.001148
0.001144
0.001140
0.001136
0.001132
0.001128
0.001124
0.001120
0.001117
0.001113
0.001109
0.001105
0.001101
0.001098
0.001094
0.001090
0.001086
0.001083
0.001079
0.001075
0.001072
0.001068
0.001064
0.001061
0.001057
0.001053
0.001050
0.001046
0.001042
0.001039
0.001035
0.001032
0.001028
0.001025
0.001021
0.001018
0.001014
0.001011
0.001007
0.001004
0.001000
0.000997
0.000994
0.000990
0.000987
0.000983
0.000980
0.000977
0.000973
0.000970
0.000967
0.000963
0.000960
0.000957
0.000953
0.000950
0.000947
0.000944
0.000941
0.000937
0.000934
0.000931
0.000928
0.000925
0.000921
0.000918
0.000915
0.000912
0.000909
0.000906
0.000903
0.000899
0.000896
0.000893
0.000890
0.000887
0.000884
0.000881
0.000878
0.000875
0.000872
0.000869
0.000866
0.000863
0.000860
0.000857
0.000854
0.000851
0.000849
0.000846
0.000843
0.000840
0.000837
0.000834
0.000831
0.000828
0.000826
0.000823
0.000820
0.000817
0.000814
0.000812
0.000809
0.000806
0.000803
0.000801
0.000798
0.000795
0.000792
0.000790
0.000787
0.000784
0.000782
0.000779
0.000776
0.000774
0.000771
0.000768
0.000766
0.000763
0.000760
0.000758
0.000755
0.000753
0.000750
0.000748
0.000745
0.000742
0.000740
0.000737
0.000735
0.000732
0.000730
0.000727
0.000725
0.000722
0.000720
0.000717
0.000715
0.000713
0.000710
0.000708
0.000705
0.000703
0.000701
0.000698
0.000696
0.000693
0.000691
0.000689
0.000686
0.000684
0.000682
0.000679
0.000677
0.000675
0.000672
0.000670
0.000668
0.000665
0.000663
0.000661
0.000659
0.000656
0.000654
0.000652
0.000650
0.000648
0.000645
0.000643
0.000641
0.000639
0.000637
0.000634
0.000632
0.000630
0.000628
0.000626
0.000624
0.000621
0.000619
0.000617
0.000615
0.000613
0.000611
0.000609
0.000607
0.000605
0.000603
0.000601
0.000599
0.000597
0.000594
0.000592
0.000590
0.000588
0.000586
0.000584
0.000582
0.000580
0.000578
0.000576
0.000575
0.000573
0.000571
0.000569
0.000567
0.000565
0.000563
0.000561
0.000559
0.000557
0.000555
0.000553
0.000551
0.000550
0.000548
0.000546
0.000544
0.000542
0.000540
0.000538
0.000537
0.000535
0.000533
0.000531
0.000529
0.000528
0.000526
0.000524
0.000522
0.000520
0.000519
0.000517
0.000515
0.000513
0.000512
0.000510
0.000508
0.000506
0.000505
0.000503
0.000501
0.000500
0.000498
0.000496
0.000494
0.000493
0.000491
0.000489
0.000488
0.000486
0.000484
0.000483
0.000481
0.000479
0.000478
0.000476
0.000475
0.000473
0.000471
0.000470
0.000468
0.000467
0.000465
0.000463
0.000462
0.000460
0.000459
0.000457
0.000456
0.000454
0.000452
0.000451
0.000449
0.000448
0.000446
0.000445
0.000443
0.000442
0.000440
0.000439
0.000437
0.000436
0.000434
0.000433
0.000431
0.000430
0.000428
0.000427
0.000426
0.000424
0.000423
0.000421
0.000420
0.000418
0.000417
0.000416
0.000414
0.000413
0.000411
0.000410
0.000409
0.000407
0.000406
0.000404
0.000403
0.000402
0.000400
0.000399
0.000398
0.000396
0.000395
0.000394
0.000392
0.000391
0.000390
0.000388
0.000387
0.000386
0.000384
0.000383
0.000382
0.000380
0.000379
0.000378
0.000376
0.000375
0.000374
0.000373
0.000371
0.000370
0.000369
0.000368
0.000366
0.000365
0.000364
0.000363
0.000361
0.000360
0.000359
0.000358
0.000357
0.000355
0.000354
0.000353
0.000352
0.000351
0.000349
0.000348
0.000347
0.000346
0.000345
0.000343
0.000342
0.000341
0.000340
0.000339
0.000338
0.000337
0.000335
0.000334
0.000333
0.000332
0.000331
0.000330
0.000329
0.000328
0.000326
0.000325
0.000324
0.000323
0.000322
0.000321
0.000320
0.000319
0.000318
0.000317
0.000316
0.000314
0.000313
0.000312
0.000311
0.000310
0.000309
0.000308
0.000307
0.000306
0.000305
0.000304
0.000303
0.000302
0.000301
0.000300
0.000299
0.000298
0.000297
0.000296
0.000295
0.000294
0.000293
0.000292
0.000291
0.000290
0.000289
0.000288
0.000287
0.000286
0.000285
0.000284
0.000283
0.000282
0.000281
0.000280
0.000279
0.000278
0.000277
0.000276
0.000275
0.000275
0.000274
0.000273
0.000272
0.000271
0.000270
0.000269
0.000268
0.000267
0.000266
0.000265
0.000264
0.000264
0.000263
0.000262
0.000261
0.000260
0.000259
0.000258
0.000257
0.000257
0.000256
0.000255
0.000254
0.000253
0.000252
0.000251
0.000251
0.000250
0.000249
0.000248
0.000247
0.000246
0.000245
0.000245
0.000244
0.000243
0.000242
0.000241
0.000241
0.000240
0.000239
0.000238
0.000237
0.000236
0.000236
0.000235
0.000234
0.000233
0.000233
0.000232
0.000231
0.000230
0.000229
0.000229
0.000228
0.000227
0.000226
0.000226
0.000225
0.000224
0.000223
0.000223
0.000222
0.000221
0.000220
0.000220
0.000219
0.000218
0.000217
0.000217
0.000216
0.000215
0.000214
0.000214
0.000213
0.000212
0.000212
0.000211
0.000210
0.000209
0.000209
0.000208
0.000207
0.000207
0.000206
0.000205
0.000204
0.000204
0.000203
0.000202
0.000202
0.000201
0.000200
0.000200
0.000199
0.000198
0.000198
0.000197
0.000196
0.000196
0.000195
0.000194
0.000194
0.000193
0.000192
0.000192
0.000191
0.000190
0.000190
0.000189
0.000189
0.000188
0.000187
0.000187
0.000186
0.000185
0.000185
0.000184
0.000184
0.000183
0.000182
0.000182
0.000181
0.000180
0.000180
0.000179
0.000179
0.000178
0.000177
0.000177
0.000176
0.000176
0.000175
0.000174
0.000174
0.000173
0.000173
0.000172
0.000172
0.000171
0.000170
0.000170
0.000169
0.000169
0.000168
0.000168
0.000167
0.000166
0.000166
0.000165
0.000165
0.000164
0.000164
0.000163
0.000163
0.000162
0.000161
0.000161
0.000160
0.000160
0.000159
0.000159
0.000158
0.000158
0.000157
0.000157
0.000156
0.000156
0.000155
0.000154
0.000154
0.000153
0.000153
0.000152
0.000152
0.000151
0.000151
0.000150
0.000150
0.000149
0.000149
0.000148
0.000148
0.000147
0.000147
0.000146
0.000146
0.000145
0.000145
0.000144
0.000144
0.000143
0.000143
0.000142
0.000142
0.000142
0.000141
0.000141
0.000140
0.000140
0.000139
0.000139
0.000138
0.000138
0.000137
0.000137
0.000136
0.000136
0.000135
0.000135
0.000135
0.000134
0.000134
0.000133
0.000133
0.000132
0.000132
0.000131
0.000131
0.000131
0.000130
0.000130
0.000129
0.000129
0.000128
0.000128
0.000127
0.000127
0.000127
0.000126
0.000126
0.000125
0.000125
0.000125
0.000124
0.000124
0.000123
0.000123
0.000122
0.000122
0.000122
0.000121
0.000121
0.000120
0.000120
0.000120
0.000119
0.000119
0.000118
0.000118
0.000118
0.000117
0.000117
0.000116
0.000116
0.000116
0.000115
0.000115
0.000114
0.000114
0.000114
0.000113
0.000113
0.000113
0.000112
0.000112
0.000111
0.000111
0.000111
0.000110
0.000110
0.000110
0.000109
0.000109
0.000108
0.000108
0.000108
0.000107
0.000107
0.000107
0.000106
0.000106
0.000106
0.000105
0.000105
0.000105
0.000104
0.000104
0.000104
0.000103
0.000103
0.000102
0.000102
0.000102
0.000101
0.000101
0.000101
0.000100
0.000100
0.000100
0.000099
0.000099
0.000099
0.000098
0.000098
0.000098
0.000097
0.000097
0.000097
0.000096
0.000096
0.000096
0.000095
0.000095
0.000095
0.000095
0.000094
0.000094
0.000094
0.000093
0.000093
0.000093
0.000092
0.000092
0.000092
0.000091
0.000091
0.000091
0.000091
0.000090
0.000090
0.000090
0.000089
0.000089
0.000089
0.000088
0.000088
0.000088
0.000088
0.000087
0.000087
0.000087
0.000086
0.000086
0.000086
0.000085
0.000085
0.000085
0.000085
0.000084
0.000084
0.000084
0.000084
0.000083
0.000083
0.000083
0.000082
0.000082
0.000082
0.000082
0.000081
0.000081
0.000081
0.000080
0.000080
0.000080
0.000080
0.000079
0.000079
0.000079
0.000079
0.000078
0.000078
0.000078
0.000078
0.000077
0.000077
0.000077
0.000077
0.000076
0.000076
0.000076
0.000076
0.000075
0.000075
0.000075
0.000075
0.000074
0.000074
0.000074
0.000074
0.000073
0.000073
0.000073
0.000073
0.000072
0.000072
0.000072
0.000072
0.000071
0.000071
0.000071
0.000071
0.000070
0.000070
0.000070
0.000070
0.000069
0.000069
0.000069
0.000069
0.000069
0.000068
0.000068
0.000068
0.000068
0.000067
0.000067
0.000067
0.000067
0.000067
0.000066
0.000066
0.000066
0.000066
0.000065
0.000065
0.000065
0.000065
0.000065
0.000064
0.000064
0.000064
0.000064
0.000063
0.000063
0.000063
0.000063
0.000063
0.000062
0.000062
0.000062
0.000062
0.000062
0.000061
0.000061
0.000061
0.000061
0.000061
0.000060
0.000060
0.000060
0.000060
0.000060
0.000059
0.000059
0.000059
0.000059
0.000059
0.000058
0.000058
0.000058
0.000058
0.000058
0.000057
0.000057
0.000057
0.000057
0.000057
0.000056
0.000056
0.000056
0.000056
0.000056
0.000056
0.000055
0.000055
0.000055
0.000055
0.000055
0.000054
0.000054
0.000054
0.000054
0.000054
0.000054
0.000053
0.000053
0.000053
0.000053
0.000053
0.000052
0.000052
0.000052
0.000052
0.000052
0.000052
0.000051
0.000051
0.000051
0.000051
0.000051
0.000051
0.000050
0.000050
0.000050
0.000050
0.000050
0.000050
0.000049
0.000049
0.000049
0.000049
0.000049
0.000049
0.000048
0.000048
0.000048
0.000048
0.000048
0.000048
0.000047
0.000047
0.000047
0.000047
0.000047
0.000047
0.000047
0.000046
0.000046
0.000046
0.000046
0.000046
0.000046
0.000045
0.000045
0.000045
0.000045
0.000045
0.000045
0.000045
0.000044
0.000044
0.000044
0.000044
0.000044
0.000044
0.000044
0.000043
0.000043
0.000043
0.000043
0.000043
0.000043
0.000043
0.000042
0.000042
0.000042
0.000042
0.000042
0.000042
0.000042
0.000041
0.000041
0.000041
0.000041
0.000041
0.000041
0.000041
0.000040
0.000040
0.000040
0.000040
0.000040
0.000040
0.000040
0.000040
0.000039
0.000039
0.000039
0.000039
0.000039
0.000039
0.000039
0.000038
0.000038
0.000038
0.000038
0.000038
0.000038
0.000038
0.000038
0.000037
0.000037
0.000037
0.000037
0.000037
0.000037
0.000037
0.000037
0.000037
0.000036
0.000036
0.000036
0.000036
0.000036
0.000036
0.000036
0.000036
0.000035
0.000035
0.000035
0.000035
0.000035
0.000035
0.000035
0.000035
0.000035
0.000034
0.000034
0.000034
0.000034
0.000034
0.000034
0.000034
0.000034
0.000033
0.000033
0.000033
0.000033
0.000033
0.000033
0.000033
0.000033
0.000033
0.000032
0.000032
0.000032
0.000032
0.000032
0.000032
0.000032
0.000032
0.000032
0.000032
0.000031
0.000031
0.000031
0.000031
0.000031
0.000031
0.000031
0.000031
0.000031
0.000031
0.000030
0.000030
0.000030
0.000030
0.000030
0.000030
0.000030
0.000030
0.000030
0.000030
0.000029
0.000029
0.000029
0.000029
0.000029
0.000029
0.000029
0.000029
0.000029
0.000029
0.000028
0.000028
0.000028
0.000028
0.000028
0.000028
0.000028
0.000028
0.000028
0.000028
0.000028
0.000027
0.000027
0.000027
0.000027
0.000027
0.000027
0.000027
0.000027
0.000027
0.000027
0.000027
0.000026
0.000026
0.000026
0.000026
0.000026
0.000026
0.000026
0.000026
0.000026
0.000026
0.000026
0.000026
0.000025
0.000025
0.000025
0.000025
0.000025
0.000025
0.000025
0.000025
0.000025
0.000025
0.000025
0.000025
0.000024
0.000024
0.000024
0.000024
0.000024
0.000024
0.000024
0.000024
0.000024
0.000024
0.000024
0.000024
0.000023
0.000023
0.000023
0.000023
0.000023
0.000023
0.000023
0.000023
0.000023
0.000023
0.000023
0.000023
0.000023
0.000023
0.000022
0.000022
0.000022
0.000022
0.000022
0.000022
0.000022
0.000022
0.000022
0.000022
0.000022
0.000022
0.000022
0.000021
0.000021
0.000021
0.000021
0.000021
0.000021
0.000021
0.000021
0.000021
0.000021
0.000021
0.000021
0.000021
0.000021
0.000021
0.000020
0.000020
0.000020
0.000020
0.000020
0.000020
0.000020
0.000020
0.000020
0.000020
0.000020
0.000020
0.000020
0.000020
0.000020
0.000019
0.000019
0.000019
0.000019
0.000019
0.000019
0.000019
0.000019
0.000019
0.000019
0.000019
0.000019
0.000019
0.000019
0.000019
0.000019
0.000018
0.000018
0.000018
0.000018
0.000018
0.000018
0.000018
0.000018
0.000018
0.000018
0.000018
0.000018
0.000018
0.000018
0.000018
0.000018
0.000018
0.000017
0.000017
0.000017
0.000017
0.000017
0.000017
0.000017
0.000017
0.000017
0.000017
0.000017
0.000017
0.000017
0.000017
0.000017
0.000017
0.000017
0.000017
0.000016
0.000016
0.000016
0.000016
0.000016
0.000016
0.000016
0.000016
0.000016
0.000016
0.000016
0.000016
0.000016
0.000016
0.000016
0.000016
0.000016
0.000016
0.000016
0.000015
0.000015
0.000015
0.000015
0.000015
0.000015
0.000015
0.000015
0.000015
0.000015
0.000015
0.000015
0.000015
0.000015
0.000015
0.000015
0.000015
0.000015
0.000015
0.000015
0.000014
0.000014
0.000014
0.000014
0.000014
0.000014
0.000014
0.000014
0.000014
0.000014
0.000014
0.000014
0.000014
0.000014
0.000014
0.000014
0.000014
0.000014
0.000014
0.000014
0.000014
0.000014
0.000013
0.000013
0.000013
0.000013
0.000013
0.000013
0.000013
0.000013
0.000013
0.000013
0.000013
0.000013
0.000013
0.000013
0.000013
0.000013
0.000013
0.000013
0.000013
0.000013
0.000013
0.000013
0.000013
0.000012
0.000012
0.000012
0.000012
0.000012
0.000012
0.000012
0.000012
0.000012
0.000012
0.000012
0.000012
0.000012
0.000012
0.000012
0.000012
0.000012
0.000012
0.000012
0.000012
0.000012
0.000012
0.000012
0.000012
0.000012
0.000011
0.000011
0.000011
0.000011
0.000011
0.000011
0.000011
0.000011
0.000011
0.000011
0.000011
0.000011
0.000011
0.000011
0.000011
0.000011
0.000011
0.000011
0.000011
0.000011
0.000011
0.000011
0.000011
0.000011
0.000011
0.000011
0.000011
0.000011
0.000010
0.000010
0.000010
0.000010
0.000010
0.000010
0.000010
0.000010
0.000010
0.000010
0.000010
0.000010
0.000010
0.000010
0.000010
0.000010
0.000010
0.000010
0.000010
0.000010
0.000010
0.000010
0.000010
0.000010
0.000010
0.000010
0.000010
0.000010
0.000010
0.000010
0.000010
0.000009
0.000009
0.000009
0.000009
0.000009
0.000009
0.000009
0.000009
0.000009
0.000009
0.000009
0.000009
0.000009
0.000009
0.000009
0.000009
0.000009
0.000009
0.000009
0.000009
0.000009
0.000009
0.000009
0.000009
0.000009
0.000009
0.000009
0.000009
0.000009
0.000009
0.000009
0.000009
0.000009
0.000009
0.000008
0.000008
0.000008
0.000008
0.000008
0.000008
0.000008
0.000008
0.000008
0.000008
0.000008
0.000008
0.000008
0.000008
0.000008
0.000008
0.000008
0.000008
0.000008
0.000008
0.000008
0.000008
0.000008
0.000008
0.000008
0.000008
0.000008
0.000008
0.000008
0.000008
0.000008
0.000008
0.000008
0.000008
0.000008
0.000008
0.000008
0.000008
0.000007
0.000007
0.000007
0.000007
0.000007
0.000007
0.000007
0.000007
0.000007
0.000007
0.000007
0.000007
0.000007
0.000007
0.000007
0.000007
0.000007
0.000007
0.000007
0.000007
0.000007
0.000007
0.000007
0.000007
0.000007
0.000007
0.000007
0.000007
0.000007
0.000007
0.000007
0.000007
0.000007
0.000007
0.000007
0.000007
0.000007
0.000007
0.000007
0.000007
0.000007
0.000007
0.000007
0.000007
0.000006
0.000006
0.000006
0.000006
0.000006
0.000006
0.000006
0.000006
0.000006
0.000006
0.000006
0.000006
0.000006
0.000006
0.000006
0.000006
0.000006
0.000006
0.000006
0.000006
0.000006
0.000006
0.000006
0.000006
0.000006
0.000006
0.000006
0.000006
0.000006
0.000006
0.000006
0.000006
0.000006
0.000006
0.000006
0.000006
0.000006
0.000006
0.000006
0.000006
0.000006
0.000006
0.000006
0.000006
0.000006
0.000006
0.000006
0.000006
0.000006
0.000006
0.000006
0.000005
0.000005
0.000005
0.000005
0.000005
0.000005
0.000005
0.000005
0.000005
0.000005
0.000005
0.000005
0.000005
0.000005
0.000005
0.000005
0.000005
0.000005
0.000005
0.000005
0.000005
0.000005
0.000005
0.000005
0.000005
0.000005
0.000005
0.000005
0.000005
0.000005
0.000005
0.000005
0.000005
0.000005
0.000005
0.000005
0.000005
0.000005
0.000005
0.000005
0.000005
0.000005
0.000005
0.000005
0.000005
0.000005
0.000005
0.000005
0.000005
0.000005
0.000005
0.000005
0.000005
0.000005
0.000005
0.000005
0.000005
0.000005
0.000005
0.000005
0.000005
0.000005
0.000004
0.000004
0.000004
0.000004
0.000004
0.000004
0.000004
0.000004
0.000004
0.000004
0.000004
0.000004
0.000004
0.000004
0.000004
0.000004
0.000004
0.000004
0.000004
0.000004
0.000004
0.000004
0.000004
0.000004
0.000004
0.000004
0.000004
0.000004
0.000004
0.000004
0.000004
0.000004
0.000004
0.000004
0.000004
0.000004
0.000004
0.000004
0.000004
0.000004
0.000004
0.000004
0.000004
0.000004
0.000004
0.000004
0.000004
0.000004
0.000004
0.000004
0.000004
0.000004
0.000004
0.000004
0.000004
0.000004
0.000004
0.000004
0.000004
0.000004
0.000004
0.000004
0.000004
0.000004
0.000004
0.000004
0.000004
0.000004
0.000004
0.000004
0.000004
0.000004
0.000004
0.000004
0.000004
0.000004
0.000004
0.000003
0.000003
0.000003
0.000003
0.000003
0.000003
0.000003
0.000003
0.000003
0.000003
0.000003
0.000003
0.000003
0.000003
0.000003
0.000003
0.000003
0.000003
0.000003
0.000003
0.000003
0.000003
0.000003
0.000003
0.000003
0.000003
0.000003
0.000003
0.000003
0.000003
0.000003
0.000003
0.000003
0.000003
0.000003
0.000003
0.000003
0.000003
0.000003
0.000003
0.000003
0.000003
0.000003
0.000003
0.000003
0.000003
0.000003
0.000003
0.000003
0.000003
0.000003
0.000003
0.000003
0.000003
0.000003
0.000003
0.000003
0.000003
0.000003
0.000003
0.000003
0.000003
0.000003
0.000003
0.000003
0.000003
0.000003
0.000003
0.000003
0.000003
0.000003
0.000003
0.000003
0.000003
0.000003
0.000003
0.000003
0.000003
0.000003
0.000003
0.000003
0.000003
0.000003
0.000003
0.000003
0.000003
0.000003
0.000003
0.000003
0.000003
0.000003
0.000003
0.000003
0.000003
0.000003
0.000003
0.000003
0.000003
0.000003
0.000003
0.000003
0.000003
0.000003
0.000003
0.000002
0.000002
0.000002
0.000002
0.000002
0.000002
0.000002
0.000002
0.000002
0.000002
0.000002
0.000002
0.000002
0.000002
0.000002
0.000002
0.000002
0.000002
0.000002
0.000002
0.000002
0.000002
0.000002
0.000002
0.000002
0.000002
0.000002
0.000002
0.000002
0.000002
0.000002
0.000002
0.000002
0.000002
0.000002
0.000002
0.000002
0.000002
0.000002
0.000002
0.000002
0.000002
0.000002
0.000002
0.000002
0.000002
0.000002
0.000002
0.000002
0.000002
0.000002
0.000002
0.000002
0.000002
0.000002
0.000002
0.000002
0.000002
0.000002
0.000002
0.000002
0.000002
0.000002
0.000002
0.000002
0.000002
0.000002
0.000002
0.000002
0.000002
0.000002
0.000002
0.000002
0.000002
0.000002
0.000002
0.000002
0.000002
0.000002
0.000002
0.000002
0.000002
0.000002
0.000002
0.000002
0.000002
0.000002
0.000002
0.000002
0.000002
0.000002
0.000002
0.000002
0.000002
0.000002
0.000002
0.000002
0.000002
0.000002
0.000002
0.000002
0.000002
0.000002
0.000002
0.000002
0.000002
0.000002
0.000002
0.000002
0.000002
0.000002
0.000002
0.000002
0.000002
0.000002
0.000002
0.000002
0.000002
0.000002
0.000002
0.000002
0.000002
0.000002
0.000002
0.000002
0.000002
0.000002
0.000002
0.000002
0.000002
0.000002
0.000002
0.000002
0.000002
0.000002
0.000002
0.000002
0.000002
0.000002
0.000002
0.000002
0.000002
0.000002
0.000002
0.000002
0.000002
0.000002
0.000002
0.000002
0.000002
0.000002
0.000002
0.000002
0.000002
0.000002
0.000002
0.000002
0.000002
0.000002
0.000001
0.000001
0.000001
0.000001
0.000001
0.000001
0.000001
0.000001
0.000001
0.000001
0.000001
0.000001
0.000001
0.000001
0.000001
0.000001
0.000001
0.000001
0.000001
0.000001
0.000001
0.000001
0.000001
0.000001
0.000001
0.000001
0.000001
0.000001
0.000001
0.000001
0.000001
0.000001
0.000001
0.000001
0.000001
0.000001
0.000001
0.000001
0.000001
0.000001
0.000001
0.000001
0.000001
0.000001
0.000001
0.000001
0.000001
0.000001
0.000001
0.000001
0.000001
0.000001
0.000001
0.000001
0.000001
0.000001
0.000001
0.000001
0.000001
0.000001
0.000001
0.000001
0.000001
0.000001
0.000001
0.000001
0.000001
0.000001
0.000001
0.000001
0.000001
0.000001
0.000001
0.000001
0.000001
0.000001
0.000001
0.000001
0.000001
0.000001
0.000001
0.000001
0.000001
0.000001
0.000001
0.000001
0.000001
0.000001
0.000001
0.000001
0.000001
0.000001
0.000001
0.000001
0.000001
0.000001
0.000001
0.000001
0.000001
0.000001
0.000001
0.000001
0.000001
0.000001
0.000001
0.000001
0.000001
0.000001
0.000001
0.000001
0.000001
0.000001
0.000001
0.000001
0.000001
0.000001
0.000001
0.000001
0.000001
0.000001
0.000001
0.000001
0.000001
0.000001
0.000001
0.000001
0.000001
0.000001
0.000001
0.000001
0.000001
0.000001
0.000001
0.000001
0.000001
0.000001
0.000001
0.000001
0.000001
0.000001
0.000001
0.000001
0.000001
0.000001
0.000001
0.000001
0.000001
0.000001
0.000001
0.000001
0.000001
0.000001
0.000001
0.000001
0.000001
0.000001
0.000001
0.000001
0.000001
0.000001
0.000001
0.000001
0.000001
0.000001
0.000001
0.000001
0.000001
0.000001
0.000001
0.000001
0.000001
0.000001
0.000001
0.000001
0.000001
0.000001
0.000001
0.000001
0.000001
0.000001
0.000001
0.000001
0.000001
0.000001
0.000001
0.000001
0.000001
0.000001
0.000001
0.000001
0.000001
0.000001
0.000001
0.000001
0.000001
0.000001
0.000001
0.000001
0.000001
0.000001
0.000001
0.000001
0.000001
0.000001
0.000001
0.000001
0.000001
0.000001
0.000001
0.000001
0.000001
0.000001
0.000001
0.000001
0.000001
0.000001
0.000001
0.000001
0.000001
0.000001
0.000001
0.000001
0.000001
0.000001
0.000001
0.000001
0.000001
0.000001
0.000001
0.000001
0.000001
0.000001
0.000001
0.000001
0.000001
0.000001
0.000001
0.000001
0.000001
0.000001
0.000001
0.000001
0.000001
0.000001
0.000001
0.000001
0.000001
0.000001
0.000001
0.000001
0.000001
0.000001
0.000001
0.000001
0.000001
0.000001
0.000001
0.000001
0.000001
0.000001
0.000001
0.000001
0.000001
0.000001
0.000001
0.000001
0.000001
0.000001
0.000001
0.000001
0.000001
0.000001
0.000001
0.000001
0.000001
0.000001
0.000001
0.000001
0.000001
0.000001
0.000001
0.000001
0.000001
0.000001
0.000001
0.000001
0.000001
0.000001
0.000001
0.000001
0.000001
0.000001
0.000001
0.000001
0.000001
0.000001
0.000001
0.000001
0.000001
0.000001
0.000001
0.000001
0.000001
0.000001
0.000001
0.000001
0.000001
0.000001
0.000001
0.000001
0.000001
0.000001
0.000001
0.000001
0.000001
0.000001
0.000001
0.000001
0.000001
0.000001
0.000001
0.000001
0.000001
0.000001
0.000001
0.000001
0.000001
0.000001
0.000001
0.000001
0.000001
0.000001
0.000001
0.000001
0.000001
0.000001
0.000001
0.000001
0.000001
0.000001
0.000001
0.000001
0.000001
0.000001
0.000000
0.000000
0.000000
0.000000
0.000000
0.000000
0.000000
0.000000
0.000000
0.000000
0.000000
0.000000
0.000000
0.000000
0.000000
0.000000
0.000000
0.000000
0.000000
0.000000
0.000000
0.000000
0.000000
0.000000
0.000000
0.000000
0.000000
0.000000
0.000000
0.000000
0.000000
0.000000
0.000000
0.000000
0.000000
0.000000
0.000000
0.000000
0.000000
0.000000
0.000000
0.000000
0.000000
0.000000
0.000000
0.000000
0.000000
0.000000
0.000000
0.000000
0.000000
0.000000
0.000000
0.000000
0.000000
0.000000
0.000000
0.000000
0.000000
0.000000
0.000000
0.000000
0.000000
0.000000
0.000000
0.000000
0.000000
0.000000
0.000000
0.000000
0.000000
0.000000
0.000000
0.000000
0.000000
