0.014584
0.014584
0.014502
0.014423
0.014347
0.014274
0.014204
0.014136
0.014070
0.014007
0.013945
0.013885
0.013827
0.013770
0.013715
0.013660
0.013607
0.013555
0.013503
0.013453
0.013403
0.013354
0.013306
0.013258
0.013211
0.013164
0.013118
0.013072
0.013027
0.012982
0.012938
0.012894
0.012850
0.012807
0.012764
0.012721
0.012678
0.012636
0.012594
0.012552
0.012510
0.012469
0.012428
0.012387
0.012346
0.012305
0.012265
0.012224
0.012184
0.012144
0.012104
0.012065
0.012025
0.011986
0.011947
0.011908
0.011869
0.011830
0.011792
0.011753
0.011715
0.011677
0.011639
0.011601
0.011563
0.011526
0.011488
0.011451
0.011413
0.011376
0.011339
0.011302
0.011266
0.011229
0.011192
0.011156
0.011120
0.011084
0.011048
0.011012
0.010976
0.010940
0.010905
0.010869
0.010834
0.010799
0.010764
0.010729
0.010694
0.010659
0.010625
0.010590
0.010556
0.010521
0.010487
0.010453
0.010419
0.010385
0.010352
0.010318
0.010285
0.010251
0.010218
0.010185
0.010152
0.010119
0.010086
0.010053
0.010021
0.009988
0.009956
0.009923
0.009891
0.009859
0.009827
0.009795
0.009763
0.009732
0.009700
0.009669
0.009637
0.009606
0.009575
0.009544
0.009513
0.009482
0.009451
0.009420
0.009390
0.009359
0.009329
0.009299
0.009269
0.009238
0.009208
0.009179
0.009149
0.009119
0.009090
0.009060
0.009031
0.009001
0.008972
0.008943
0.008914
0.008885
0.008856
0.008828
0.008799
0.008770
0.008742
0.008714
0.008685
0.008657
0.008629
0.008601
0.008573
0.008545
0.008518
0.008490
0.008463
0.008435
0.008408
0.008381
0.008353
0.008326
0.008299
0.008272
0.008246
0.008219
0.008192
0.008166
0.008139
0.008113
0.008086
0.008060
0.008034
0.008008
0.007982
0.007956
0.007930
0.007905
0.007879
0.007854
0.007828
0.007803
0.007777
0.007752
0.007727
0.007702
0.007677
0.007652
0.007627
0.007603
0.007578
0.007554
0.007529
0.007505
0.007480
0.007456
0.007432
0.007408
0.007384
0.007360
0.007336
0.007312
0.007289
0.007265
0.007242
0.007218
0.007195
0.007171
0.007148
0.007125
0.007102
0.007079
0.007056
0.007033
0.007010
0.006988
0.006965
0.006942
0.006920
0.006898
0.006875
0.006853
0.006831
0.006809
0.006787
0.006765
0.006743
0.006721
0.006699
0.006677
0.006656
0.006634
0.006613
0.006591
0.006570
0.006549
0.006528
0.006506
0.006485
0.006464
0.006443
0.006423
0.006402
0.006381
0.006360
0.006340
0.006319
0.006299
0.006278
0.006258
0.006238
0.006218
0.006198
0.006177
0.006157
0.006138
0.006118
0.006098
0.006078
0.006059
0.006039
0.006019
0.006000
0.005980
0.005961
0.005942
0.005923
0.005903
0.005884
0.005865
0.005846
0.005827
0.005809
0.005790
0.005771
0.005752
0.005734
0.005715
0.005697
0.005678
0.005660
0.005642
0.005623
0.005605
0.005587
0.005569
0.005551
0.005533
0.005515
0.005497
0.005480
0.005462
0.005444
0.005427
0.005409
0.005391
0.005374
0.005357
0.005339
0.005322
0.005305
0.005288
0.005271
0.005254
0.005237
0.005220
0.005203
0.005186
0.005169
0.005152
0.005136
0.005119
0.005103
0.005086
0.005070
0.005053
0.005037
0.005021
0.005005
0.004988
0.004972
0.004956
0.004940
0.004924
0.004908
0.004892
0.004877
0.004861
0.004845
0.004829
0.004814
0.004798
0.004783
0.004767
0.004752
0.004737
0.004721
0.004706
0.004691
0.004676
0.004661
0.004645
0.004630
0.004616
0.004601
0.004586
0.004571
0.004556
0.004541
0.004527
0.004512
0.004498
0.004483
0.004469
0.004454
0.004440
0.004425
0.004411
0.004397
0.004383
0.004369
0.004354
0.004340
0.004326
0.004312
0.004298
0.004285
0.004271
0.004257
0.004243
0.004229
0.004216
0.004202
0.004189
0.004175
0.004162
0.004148
0.004135
0.004121
0.004108
0.004095
0.004082
0.004068
0.004055
0.004042
0.004029
0.004016
0.004003
0.003990
0.003977
0.003965
0.003952
0.003939
0.003926
0.003914
0.003901
0.003888
0.003876
0.003863
0.003851
0.003839
0.003826
0.003814
0.003801
0.003789
0.003777
0.003765
0.003753
0.003741
0.003728
0.003716
0.003704
0.003692
0.003681
0.003669
0.003657
0.003645
0.003633
0.003622
0.003610
0.003598
0.003587
0.003575
0.003564
0.003552
0.003541
0.003529
0.003518
0.003506
0.003495
0.003484
0.003473
0.003461
0.003450
0.003439
0.003428
0.003417
0.003406
0.003395
0.003384
0.003373
0.003362
0.003351
0.003341
0.003330
0.003319
0.003308
0.003298
0.003287
0.003277
0.003266
0.003255
0.003245
0.003234
0.003224
0.003214
0.003203
0.003193
0.003183
0.003172
0.003162
0.003152
0.003142
0.003132
0.003122
0.003112
0.003102
0.003092
0.003082
0.003072
0.003062
0.003052
0.003042
0.003032
0.003022
0.003013
0.003003
0.002993
0.002984
0.002974
0.002964
0.002955
0.002945
0.002936
0.002926
0.002917
0.002908
0.002898
0.002889
0.002880
0.002870
0.002861
0.002852
0.002843
0.002834
0.002824
0.002815
0.002806
0.002797
0.002788
0.002779
0.002770
0.002761
0.002752
0.002744
0.002735
0.002726
0.002717
0.002708
0.002700
0.002691
0.002682
0.002674
0.002665
0.002657
0.002648
0.002639
0.002631
0.002622
0.002614
0.002606
0.002597
0.002589
0.002581
0.002572
0.002564
0.002556
0.002547
0.002539
0.002531
0.002523
0.002515
0.002507
0.002499
0.002491
0.002483
0.002475
0.002467
0.002459
0.002451
0.002443
0.002435
0.002427
0.002419
0.002412
0.002404
0.002396
0.002388
0.002381
0.002373
0.002365
0.002358
0.002350
0.002343
0.002335
0.002328
0.002320
0.002313
0.002305
0.002298
0.002290
0.002283
0.002276
0.002268
0.002261
0.002254
0.002247
0.002239
0.002232
0.002225
0.002218
0.002211
0.002204
0.002196
0.002189
0.002182
0.002175
0.002168
0.002161
0.002154
0.002147
0.002141
0.002134
0.002127
0.002120
0.002113
0.002106
0.002100
0.002093
0.002086
0.002079
0.002073
0.002066
0.002059
0.002053
0.002046
0.002040
0.002033
0.002027
0.002020
0.002014
0.002007
0.002001
0.001994
0.001988
0.001981
0.001975
0.001969
0.001962
0.001956
0.001950
0.001943
0.001937
0.001931
0.001925
0.001919
0.001912
0.001906
0.001900
0.001894
0.001888
0.001882
0.001876
0.001870
0.001864
0.001858
0.001852
0.001846
0.001840
0.001834
0.001828
0.001822
0.001816
0.001811
0.001805
0.001799
0.001793
0.001787
0.001782
0.001776
0.001770
0.001765
0.001759
0.001753
0.001748
0.001742
0.001736
0.001731
0.001725
0.001720
0.001714
0.001709
0.001703
0.001698
0.001692
0.001687
0.001681
0.001676
0.001671
0.001665
0.001660
0.001655
0.001649
0.001644
0.001639
0.001634
0.001628
0.001623
0.001618
0.001613
0.001607
0.001602
0.001597
0.001592
0.001587
0.001582
0.001577
0.001572
0.001567
0.001562
0.001557
0.001552
0.001547
0.001542
0.001537
0.001532
0.001527
0.001522
0.001517
0.001512
0.001507
0.001503
0.001498
0.001493
0.001488
0.001483
0.001479
0.001474
0.001469
0.001464
0.001460
0.001455
0.001450
0.001446
0.001441
0.001436
0.001432
0.001427
0.001423
0.001418
0.001414
0.001409
0.001404
0.001400
0.001395
0.001391
0.001387
0.001382
0.001378
0.001373
0.001369
0.001364
0.001360
0.001356
0.001351
0.001347
0.001343
0.001338
0.001334
0.001330
0.001326
0.001321
0.001317
0.001313
0.001309
0.001304
0.001300
0.001296
0.001292
0.001288
0.001284
0.001280
0.001275
0.001271
0.001267
0.001263
0.001259
0.001255
0.001251
0.001247
0.001243
0.001239
0.001235
0.001231
0.001227
0.001223
0.001219
0.001215
0.001212
0.001208
0.001204
0.001200
0.001196
0.001192
0.001188
0.001185
0.001181
0.001177
0.001173
0.001170
0.001166
0.001162
0.001158
0.001155
0.001151
0.001147
0.001144
0.001140
0.001136
0.001133
0.001129
0.001125
0.001122
0.001118
0.001115
0.001111
0.001107
0.001104
0.001100
0.001097
0.001093
0.001090
0.001086
0.001083
0.001079
0.001076
0.001073
0.001069
0.001066
0.001062
0.001059
0.001055
0.001052
0.001049
0.001045
0.001042
0.001039
0.001035
0.001032
0.001029
0.001025
0.001022
0.001019
0.001016
0.001012
0.001009
0.001006
0.001003
0.000999
0.000996
0.000993
0.000990
0.000987
0.000984
0.000980
0.000977
0.000974
0.000971
0.000968
0.000965
0.000962
0.000959
0.000956
0.000953
0.000949
0.000946
0.000943
0.000940
0.000937
0.000934
0.000931
0.000928
0.000925
0.000922
0.000920
0.000917
0.000914
0.000911
0.000908
0.000905
0.000902
0.000899
0.000896
0.000893
0.000891
0.000888
0.000885
0.000882
0.000879
0.000876
0.000874
0.000871
0.000868
0.000865
0.000862
0.000860
0.000857
0.000854
0.000851
0.000849
0.000846
0.000843
0.000841
0.000838
0.000835
0.000833
0.000830
0.000827
0.000825
0.000822
0.000819
0.000817
0.000814
0.000812
0.000809
0.000806
0.000804
0.000801
0.000799
0.000796
0.000794
0.000791
0.000788
0.000786
0.000783
0.000781
0.000778
0.000776
0.000773
0.000771
0.000769
0.000766
0.000764
0.000761
0.000759
0.000756
0.000754
0.000751
0.000749
0.000747
0.000744
0.000742
0.000740
0.000737
0.000735
0.000732
0.000730
0.000728
0.000726
0.000723
0.000721
0.000719
0.000716
0.000714
0.000712
0.000709
0.000707
0.000705
0.000703
0.000700
0.000698
0.000696
0.000694
0.000691
0.000689
0.000687
0.000685
0.000683
0.000681
0.000678
0.000676
0.000674
0.000672
0.000670
0.000668
0.000665
0.000663
0.000661
0.000659
0.000657
0.000655
0.000653
0.000651
0.000649
0.000647
0.000645
0.000642
0.000640
0.000638
0.000636
0.000634
0.000632
0.000630
0.000628
0.000626
0.000624
0.000622
0.000620
0.000618
0.000616
0.000614
0.000612
0.000610
0.000608
0.000607
0.000605
0.000603
0.000601
0.000599
0.000597
0.000595
0.000593
0.000591
0.000589
0.000587
0.000586
0.000584
0.000582
0.000580
0.000578
0.000576
0.000574
0.000573
0.000571
0.000569
0.000567
0.000565
0.000564
0.000562
0.000560
0.000558
0.000556
0.000555
0.000553
0.000551
0.000549
0.000548
0.000546
0.000544
0.000542
0.000541
0.000539
0.000537
0.000535
0.000534
0.000532
0.000530
0.000529
0.000527
0.000525
0.000524
0.000522
0.000520
0.000519
0.000517
0.000515
0.000514
0.000512
0.000510
0.000509
0.000507
0.000506
0.000504
0.000502
0.000501
0.000499
0.000498
0.000496
0.000494
0.000493
0.000491
0.000490
0.000488
0.000487
0.000485
0.000483
0.000482
0.000480
0.000479
0.000477
0.000476
0.000474
0.000473
0.000471
0.000470
0.000468
0.000467
0.000465
0.000464
0.000462
0.000461
0.000459
0.000458
0.000456
0.000455
0.000454
0.000452
0.000451
0.000449
0.000448
0.000446
0.000445
0.000443
0.000442
0.000441
0.000439
0.000438
0.000436
0.000435
0.000434
0.000432
0.000431
0.000430
0.000428
0.000427
0.000425
0.000424
0.000423
0.000421
0.000420
0.000419
0.000417
0.000416
0.000415
0.000413
0.000412
0.000411
0.000409
0.000408
0.000407
0.000406
0.000404
0.000403
0.000402
0.000400
0.000399
0.000398
0.000397
0.000395
0.000394
0.000393
0.000392
0.000390
0.000389
0.000388
0.000387
0.000385
0.000384
0.000383
0.000382
0.000381
0.000379
0.000378
0.000377
0.000376
0.000375
0.000373
0.000372
0.000371
0.000370
0.000369
0.000367
0.000366
0.000365
0.000364
0.000363
0.000362
0.000360
0.000359
0.000358
0.000357
0.000356
0.000355
0.000354
0.000353
0.000351
0.000350
0.000349
0.000348
0.000347
0.000346
0.000345
0.000344
0.000343
0.000341
0.000340
0.000339
0.000338
0.000337
0.000336
0.000335
0.000334
0.000333
0.000332
0.000331
0.000330
0.000329
0.000328
0.000327
0.000326
0.000324
0.000323
0.000322
0.000321
0.000320
0.000319
0.000318
0.000317
0.000316
0.000315
0.000314
0.000313
0.000312
0.000311
0.000310
0.000309
0.000308
0.000307
0.000306
0.000305
0.000304
0.000303
0.000303
0.000302
0.000301
0.000300
0.000299
0.000298
0.000297
0.000296
0.000295
0.000294
0.000293
0.000292
0.000291
0.000290
0.000289
0.000288
0.000287
0.000287
0.000286
0.000285
0.000284
0.000283
0.000282
0.000281
0.000280
0.000279
0.000278
0.000278
0.000277
0.000276
0.000275
0.000274
0.000273
0.000272
0.000271
0.000271
0.000270
0.000269
0.000268
0.000267
0.000266
0.000266
0.000265
0.000264
0.000263
0.000262
0.000261
0.000260
0.000260
0.000259
0.000258
0.000257
0.000256
0.000256
0.000255
0.000254
0.000253
0.000252
0.000252
0.000251
0.000250
0.000249
0.000248
0.000248
0.000247
0.000246
0.000245
0.000244
0.000244
0.000243
0.000242
0.000241
0.000241
0.000240
0.000239
0.000238
0.000238
0.000237
0.000236
0.000235
0.000235
0.000234
0.000233
0.000232
0.000232
0.000231
0.000230
0.000229
0.000229
0.000228
0.000227
0.000226
0.000226
0.000225
0.000224
0.000224
0.000223
0.000222
0.000221
0.000221
0.000220
0.000219
0.000219
0.000218
0.000217
0.000217
0.000216
0.000215
0.000215
0.000214
0.000213
0.000213
0.000212
0.000211
0.000210
0.000210
0.000209
0.000208
0.000208
0.000207
0.000207
0.000206
0.000205
0.000205
0.000204
0.000203
0.000203
0.000202
0.000201
0.000201
0.000200
0.000199
0.000199
0.000198
0.000198
0.000197
0.000196
0.000196
0.000195
0.000194
0.000194
0.000193
0.000193
0.000192
0.000191
0.000191
0.000190
0.000190
0.000189
0.000188
0.000188
0.000187
0.000187
0.000186
0.000185
0.000185
0.000184
0.000184
0.000183
0.000182
0.000182
0.000181
0.000181
0.000180
0.000180
0.000179
0.000178
0.000178
0.000177
0.000177
0.000176
0.000176
0.000175
0.000175
0.000174
0.000173
0.000173
0.000172
0.000172
0.000171
0.000171
0.000170
0.000170
0.000169
0.000169
0.000168
0.000167
0.000167
0.000166
0.000166
0.000165
0.000165
0.000164
0.000164
0.000163
0.000163
0.000162
0.000162
0.000161
0.000161
0.000160
0.000160
0.000159
0.000159
0.000158
0.000158
0.000157
0.000157
0.000156
0.000156
0.000155
0.000155
0.000154
0.000154
0.000153
0.000153
0.000152
0.000152
0.000151
0.000151
0.000150
0.000150
0.000149
0.000149
0.000148
0.000148
0.000148
0.000147
0.000147
0.000146
0.000146
0.000145
0.000145
0.000144
0.000144
0.000143
0.000143
0.000142
0.000142
0.000142
0.000141
0.000141
0.000140
0.000140
0.000139
0.000139
0.000138
0.000138
0.000138
0.000137
0.000137
0.000136
0.000136
0.000135
0.000135
0.000135
0.000134
0.000134
0.000133
0.000133
0.000132
0.000132
0.000132
0.000131
0.000131
0.000130
0.000130
0.000130
0.000129
0.000129
0.000128
0.000128
0.000127
0.000127
0.000127
0.000126
0.000126
0.000125
0.000125
0.000125
0.000124
0.000124
0.000124
0.000123
0.000123
0.000122
0.000122
0.000122
0.000121
0.000121
0.000120
0.000120
0.000120
0.000119
0.000119
0.000119
0.000118
0.000118
0.000117
0.000117
0.000117
0.000116
0.000116
0.000116
0.000115
0.000115
0.000114
0.000114
0.000114
0.000113
0.000113
0.000113
0.000112
0.000112
0.000112
0.000111
0.000111
0.000111
0.000110
0.000110
0.000110
0.000109
0.000109
0.000108
0.000108
0.000108
0.000107
0.000107
0.000107
0.000106
0.000106
0.000106
0.000105
0.000105
0.000105
0.000104
0.000104
0.000104
0.000103
0.000103
0.000103
0.000102
0.000102
0.000102
0.000101
0.000101
0.000101
0.000101
0.000100
0.000100
0.000100
0.000099
0.000099
0.000099
0.000098
0.000098
0.000098
0.000097
0.000097
0.000097
0.000096
0.000096
0.000096
0.000096
0.000095
0.000095
0.000095
0.000094
0.000094
0.000094
0.000093
0.000093
0.000093
0.000093
0.000092
0.000092
0.000092
0.000091
0.000091
0.000091
0.000091
0.000090
0.000090
0.000090
0.000089
0.000089
0.000089
0.000089
0.000088
0.000088
0.000088
0.000087
0.000087
0.000087
0.000087
0.000086
0.000086
0.000086
0.000086
0.000085
0.000085
0.000085
0.000084
0.000084
0.000084
0.000084
0.000083
0.000083
0.000083
0.000083
0.000082
0.000082
0.000082
0.000082
0.000081
0.000081
0.000081
0.000081
0.000080
0.000080
0.000080
0.000080
0.000079
0.000079
0.000079
0.000079
0.000078
0.000078
0.000078
0.000078
0.000077
0.000077
0.000077
0.000077
0.000076
0.000076
0.000076
0.000076
0.000075
0.000075
0.000075
0.000075
0.000074
0.000074
0.000074
0.000074
0.000074
0.000073
0.000073
0.000073
0.000073
0.000072
0.000072
0.000072
0.000072
0.000071
0.000071
0.000071
0.000071
0.000071
0.000070
0.000070
0.000070
0.000070
0.000069
0.000069
0.000069
0.000069
0.000069
0.000068
0.000068
0.000068
0.000068
0.000067
0.000067
0.000067
0.000067
0.000067
0.000066
0.000066
0.000066
0.000066
0.000066
0.000065
0.000065
0.000065
0.000065
0.000065
0.000064
0.000064
0.000064
0.000064
0.000064
0.000063
0.000063
0.000063
0.000063
0.000063
0.000062
0.000062
0.000062
0.000062
0.000062
0.000061
0.000061
0.000061
0.000061
0.000061
0.000060
0.000060
0.000060
0.000060
0.000060
0.000059
0.000059
0.000059
0.000059
0.000059
0.000059
0.000058
0.000058
0.000058
0.000058
0.000058
0.000057
0.000057
0.000057
0.000057
0.000057
0.000057
0.000056
0.000056
0.000056
0.000056
0.000056
0.000055
0.000055
0.000055
0.000055
0.000055
0.000055
0.000054
0.000054
0.000054
0.000054
0.000054
0.000054
0.000053
0.000053
0.000053
0.000053
0.000053
0.000053
0.000052
0.000052
0.000052
0.000052
0.000052
0.000052
0.000051
0.000051
0.000051
0.000051
0.000051
0.000051
0.000050
0.000050
0.000050
0.000050
0.000050
0.000050
0.000050
0.000049
0.000049
0.000049
0.000049
0.000049
0.000049
0.000048
0.000048
0.000048
0.000048
0.000048
0.000048
0.000048
0.000047
0.000047
0.000047
0.000047
0.000047
0.000047
0.000047
0.000046
0.000046
0.000046
0.000046
0.000046
0.000046
0.000045
0.000045
0.000045
0.000045
0.000045
0.000045
0.000045
0.000045
0.000044
0.000044
0.000044
0.000044
0.000044
0.000044
0.000044
0.000043
0.000043
0.000043
0.000043
0.000043
0.000043
0.000043
0.000042
0.000042
0.000042
0.000042
0.000042
0.000042
0.000042
0.000042
0.000041
0.000041
0.000041
0.000041
0.000041
0.000041
0.000041
0.000040
0.000040
0.000040
0.000040
0.000040
0.000040
0.000040
0.000040
0.000039
0.000039
0.000039
0.000039
0.000039
0.000039
0.000039
0.000039
0.000039
0.000038
0.000038
0.000038
0.000038
0.000038
0.000038
0.000038
0.000038
0.000037
0.000037
0.000037
0.000037
0.000037
0.000037
0.000037
0.000037
0.000036
0.000036
0.000036
0.000036
0.000036
0.000036
0.000036
0.000036
0.000036
0.000035
0.000035
0.000035
0.000035
0.000035
0.000035
0.000035
0.000035
0.000035
0.000034
0.000034
0.000034
0.000034
0.000034
0.000034
0.000034
0.000034
0.000034
0.000034
0.000033
0.000033
0.000033
0.000033
0.000033
0.000033
0.000033
0.000033
0.000033
0.000032
0.000032
0.000032
0.000032
0.000032
0.000032
0.000032
0.000032
0.000032
0.000032
0.000031
0.000031
0.000031
0.000031
0.000031
0.000031
0.000031
0.000031
0.000031
0.000031
0.000031
0.000030
0.000030
0.000030
0.000030
0.000030
0.000030
0.000030
0.000030
0.000030
0.000030
0.000029
0.000029
0.000029
0.000029
0.000029
0.000029
0.000029
0.000029
0.000029
0.000029
0.000029
0.000028
0.000028
0.000028
0.000028
0.000028
0.000028
0.000028
0.000028
0.000028
0.000028
0.000028
0.000027
0.000027
0.000027
0.000027
0.000027
0.000027
0.000027
0.000027
0.000027
0.000027
0.000027
0.000027
0.000026
0.000026
0.000026
0.000026
0.000026
0.000026
0.000026
0.000026
0.000026
0.000026
0.000026
0.000026
0.000025
0.000025
0.000025
0.000025
0.000025
0.000025
0.000025
0.000025
0.000025
0.000025
0.000025
0.000025
0.000025
0.000024
0.000024
0.000024
0.000024
0.000024
0.000024
0.000024
0.000024
0.000024
0.000024
0.000024
0.000024
0.000024
0.000023
0.000023
0.000023
0.000023
0.000023
0.000023
0.000023
0.000023
0.000023
0.000023
0.000023
0.000023
0.000023
0.000023
0.000022
0.000022
0.000022
0.000022
0.000022
0.000022
0.000022
0.000022
0.000022
0.000022
0.000022
0.000022
0.000022
0.000022
0.000022
0.000021
0.000021
0.000021
0.000021
0.000021
0.000021
0.000021
0.000021
0.000021
0.000021
0.000021
0.000021
0.000021
0.000021
0.000021
0.000020
0.000020
0.000020
0.000020
0.000020
0.000020
0.000020
0.000020
0.000020
0.000020
0.000020
0.000020
0.000020
0.000020
0.000020
0.000020
0.000019
0.000019
0.000019
0.000019
0.000019
0.000019
0.000019
0.000019
0.000019
0.000019
0.000019
0.000019
0.000019
0.000019
0.000019
0.000019
0.000019
0.000018
0.000018
0.000018
0.000018
0.000018
0.000018
0.000018
0.000018
0.000018
0.000018
0.000018
0.000018
0.000018
0.000018
0.000018
0.000018
0.000018
0.000017
0.000017
0.000017
0.000017
0.000017
0.000017
0.000017
0.000017
0.000017
0.000017
0.000017
0.000017
0.000017
0.000017
0.000017
0.000017
0.000017
0.000017
0.000017
0.000016
0.000016
0.000016
0.000016
0.000016
0.000016
0.000016
0.000016
0.000016
0.000016
0.000016
0.000016
0.000016
0.000016
0.000016
0.000016
0.000016
0.000016
0.000016
0.000016
0.000015
0.000015
0.000015
0.000015
0.000015
0.000015
0.000015
0.000015
0.000015
0.000015
0.000015
0.000015
0.000015
0.000015
0.000015
0.000015
0.000015
0.000015
0.000015
0.000015
0.000015
0.000014
0.000014
0.000014
0.000014
0.000014
0.000014
0.000014
0.000014
0.000014
0.000014
0.000014
0.000014
0.000014
0.000014
0.000014
0.000014
0.000014
0.000014
0.000014
0.000014
0.000014
0.000014
0.000014
0.000013
0.000013
0.000013
0.000013
0.000013
0.000013
0.000013
0.000013
0.000013
0.000013
0.000013
0.000013
0.000013
0.000013
0.000013
0.000013
0.000013
0.000013
0.000013
0.000013
0.000013
0.000013
0.000013
0.000013
0.000013
0.000012
0.000012
0.000012
0.000012
0.000012
0.000012
0.000012
0.000012
0.000012
0.000012
0.000012
0.000012
0.000012
0.000012
0.000012
0.000012
0.000012
0.000012
0.000012
0.000012
0.000012
0.000012
0.000012
0.000012
0.000012
0.000012
0.000011
0.000011
0.000011
0.000011
0.000011
0.000011
0.000011
0.000011
0.000011
0.000011
0.000011
0.000011
0.000011
0.000011
0.000011
0.000011
0.000011
0.000011
0.000011
0.000011
0.000011
0.000011
0.000011
0.000011
0.000011
0.000011
0.000011
0.000011
0.000011
0.000010
0.000010
0.000010
0.000010
0.000010
0.000010
0.000010
0.000010
0.000010
0.000010
0.000010
0.000010
0.000010
0.000010
0.000010
0.000010
0.000010
0.000010
0.000010
0.000010
0.000010
0.000010
0.000010
0.000010
0.000010
0.000010
0.000010
0.000010
0.000010
0.000010
0.000010
0.000010
0.000009
0.000009
0.000009
0.000009
0.000009
0.000009
0.000009
0.000009
0.000009
0.000009
0.000009
0.000009
0.000009
0.000009
0.000009
0.000009
0.000009
0.000009
0.000009
0.000009
0.000009
0.000009
0.000009
0.000009
0.000009
0.000009
0.000009
0.000009
0.000009
0.000009
0.000009
0.000009
0.000009
0.000009
0.000009
0.000009
0.000008
0.000008
0.000008
0.000008
0.000008
0.000008
0.000008
0.000008
0.000008
0.000008
0.000008
0.000008
0.000008
0.000008
0.000008
0.000008
0.000008
0.000008
0.000008
0.000008
0.000008
0.000008
0.000008
0.000008
0.000008
0.000008
0.000008
0.000008
0.000008
0.000008
0.000008
0.000008
0.000008
0.000008
0.000008
0.000008
0.000008
0.000008
0.000008
0.000008
0.000007
0.000007
0.000007
0.000007
0.000007
0.000007
0.000007
0.000007
0.000007
0.000007
0.000007
0.000007
0.000007
0.000007
0.000007
0.000007
0.000007
0.000007
0.000007
0.000007
0.000007
0.000007
0.000007
0.000007
0.000007
0.000007
0.000007
0.000007
0.000007
0.000007
0.000007
0.000007
0.000007
0.000007
0.000007
0.000007
0.000007
0.000007
0.000007
0.000007
0.000007
0.000007
0.000007
0.000007
0.000007
0.000007
0.000006
0.000006
0.000006
0.000006
0.000006
0.000006
0.000006
0.000006
0.000006
0.000006
0.000006
0.000006
0.000006
0.000006
0.000006
0.000006
0.000006
0.000006
0.000006
0.000006
0.000006
0.000006
0.000006
0.000006
0.000006
0.000006
0.000006
0.000006
0.000006
0.000006
0.000006
0.000006
0.000006
0.000006
0.000006
0.000006
0.000006
0.000006
0.000006
0.000006
0.000006
0.000006
0.000006
0.000006
0.000006
0.000006
0.000006
0.000006
0.000006
0.000006
0.000006
0.000006
0.000006
0.000005
0.000005
0.000005
0.000005
0.000005
0.000005
0.000005
0.000005
0.000005
0.000005
0.000005
0.000005
0.000005
0.000005
0.000005
0.000005
0.000005
0.000005
0.000005
0.000005
0.000005
0.000005
0.000005
0.000005
0.000005
0.000005
0.000005
0.000005
0.000005
0.000005
0.000005
0.000005
0.000005
0.000005
0.000005
0.000005
0.000005
0.000005
0.000005
0.000005
0.000005
0.000005
0.000005
0.000005
0.000005
0.000005
0.000005
0.000005
0.000005
0.000005
0.000005
0.000005
0.000005
0.000005
0.000005
0.000005
0.000005
0.000005
0.000005
0.000005
0.000005
0.000005
0.000005
0.000005
0.000005
0.000004
0.000004
0.000004
0.000004
0.000004
0.000004
0.000004
0.000004
0.000004
0.000004
0.000004
0.000004
0.000004
0.000004
0.000004
0.000004
0.000004
0.000004
0.000004
0.000004
0.000004
0.000004
0.000004
0.000004
0.000004
0.000004
0.000004
0.000004
0.000004
0.000004
0.000004
0.000004
0.000004
0.000004
0.000004
0.000004
0.000004
0.000004
0.000004
0.000004
0.000004
0.000004
0.000004
0.000004
0.000004
0.000004
0.000004
0.000004
0.000004
0.000004
0.000004
0.000004
0.000004
0.000004
0.000004
0.000004
0.000004
0.000004
0.000004
0.000004
0.000004
0.000004
0.000004
0.000004
0.000004
0.000004
0.000004
0.000004
0.000004
0.000004
0.000004
0.000004
0.000004
0.000004
0.000004
0.000004
0.000004
0.000004
0.000004
0.000004
0.000003
0.000003
0.000003
0.000003
0.000003
0.000003
0.000003
0.000003
0.000003
0.000003
0.000003
0.000003
0.000003
0.000003
0.000003
0.000003
0.000003
0.000003
0.000003
0.000003
0.000003
0.000003
0.000003
0.000003
0.000003
0.000003
0.000003
0.000003
0.000003
0.000003
0.000003
0.000003
0.000003
0.000003
0.000003
0.000003
0.000003
0.000003
0.000003
0.000003
0.000003
0.000003
0.000003
0.000003
0.000003
0.000003
0.000003
0.000003
0.000003
0.000003
0.000003
0.000003
0.000003
0.000003
0.000003
0.000003
0.000003
0.000003
0.000003
0.000003
0.000003
0.000003
0.000003
0.000003
0.000003
0.000003
0.000003
0.000003
0.000003
0.000003
0.000003
0.000003
0.000003
0.000003
0.000003
0.000003
0.000003
0.000003
0.000003
0.000003
0.000003
0.000003
0.000003
0.000003
0.000003
0.000003
0.000003
0.000003
0.000003
0.000003
0.000003
0.000003
0.000003
0.000003
0.000003
0.000003
0.000003
0.000003
0.000003
0.000003
0.000003
0.000003
0.000003
0.000003
0.000003
0.000003
0.000003
0.000003
0.000003
0.000002
0.000002
0.000002
0.000002
0.000002
0.000002
0.000002
0.000002
0.000002
0.000002
0.000002
0.000002
0.000002
0.000002
0.000002
0.000002
0.000002
0.000002
0.000002
0.000002
0.000002
0.000002
0.000002
0.000002
0.000002
0.000002
0.000002
0.000002
0.000002
0.000002
0.000002
0.000002
0.000002
0.000002
0.000002
0.000002
0.000002
0.000002
0.000002
0.000002
0.000002
0.000002
0.000002
0.000002
0.000002
0.000002
0.000002
0.000002
0.000002
0.000002
0.000002
0.000002
0.000002
0.000002
0.000002
0.000002
0.000002
0.000002
0.000002
0.000002
0.000002
0.000002
0.000002
0.000002
0.000002
0.000002
0.000002
0.000002
0.000002
0.000002
0.000002
0.000002
0.000002
0.000002
0.000002
0.000002
0.000002
0.000002
0.000002
0.000002
0.000002
0.000002
0.000002
0.000002
0.000002
0.000002
0.000002
0.000002
0.000002
0.000002
0.000002
0.000002
0.000002
0.000002
0.000002
0.000002
0.000002
0.000002
0.000002
0.000002
0.000002
0.000002
0.000002
0.000002
0.000002
0.000002
0.000002
0.000002
0.000002
0.000002
0.000002
0.000002
0.000002
0.000002
0.000002
0.000002
0.000002
0.000002
0.000002
0.000002
0.000002
0.000002
0.000002
0.000002
0.000002
0.000002
0.000002
0.000002
0.000002
0.000002
0.000002
0.000002
0.000002
0.000002
0.000002
0.000002
0.000002
0.000002
0.000002
0.000002
0.000002
0.000002
0.000002
0.000002
0.000002
0.000002
0.000002
0.000002
0.000002
0.000002
0.000002
0.000002
0.000002
0.000002
0.000002
0.000002
0.000002
0.000002
0.000002
0.000002
0.000002
0.000002
0.000002
0.000002
0.000001
0.000001
0.000001
0.000001
0.000001
0.000001
0.000001
0.000001
0.000001
0.000001
0.000001
0.000001
0.000001
0.000001
0.000001
0.000001
0.000001
0.000001
0.000001
0.000001
0.000001
0.000001
0.000001
0.000001
0.000001
0.000001
0.000001
0.000001
0.000001
0.000001
0.000001
0.000001
0.000001
0.000001
0.000001
0.000001
0.000001
0.000001
0.000001
0.000001
0.000001
0.000001
0.000001
0.000001
0.000001
0.000001
0.000001
0.000001
0.000001
0.000001
0.000001
0.000001
0.000001
0.000001
0.000001
0.000001
0.000001
0.000001
0.000001
0.000001
0.000001
0.000001
0.000001
0.000001
0.000001
0.000001
0.000001
0.000001
0.000001
0.000001
0.000001
0.000001
0.000001
0.000001
0.000001
0.000001
0.000001
0.000001
0.000001
0.000001
0.000001
0.000001
0.000001
0.000001
0.000001
0.000001
0.000001
0.000001
0.000001
0.000001
0.000001
0.000001
0.000001
0.000001
0.000001
0.000001
0.000001
0.000001
0.000001
0.000001
0.000001
0.000001
0.000001
0.000001
0.000001
0.000001
0.000001
0.000001
0.000001
0.000001
0.000001
0.000001
0.000001
0.000001
