0.012340
0.012340
0.012262
0.012189
0.012119
0.012052
0.011989
0.011928
0.011870
0.011814
0.011760
0.011709
0.011658
0.011610
0.011563
0.011517
0.011472
0.011429
0.011386
0.011345
0.011304
0.011264
0.011224
0.011185
0.011147
0.011110
0.011072
0.011036
0.010999
0.010963
0.010928
0.010893
0.010858
0.010823
0.010789
0.010755
0.010721
0.010687
0.010654
0.010621
0.010588
0.010555
0.010522
0.010490
0.010457
0.010425
0.010393
0.010361
0.010330
0.010298
0.010266
0.010235
0.010204
0.010173
0.010142
0.010111
0.010080
0.010049
0.010019
0.009988
0.009958
0.009928
0.009898
0.009868
0.009838
0.009808
0.009778
0.009748
0.009719
0.009689
0.009660
0.009631
0.009602
0.009572
0.009543
0.009515
0.009486
0.009457
0.009428
0.009400
0.009371
0.009343
0.009315
0.009287
0.009258
0.009230
0.009202
0.009175
0.009147
0.009119
0.009092
0.009064
0.009037
0.009009
0.008982
0.008955
0.008928
0.008901
0.008874
0.008847
0.008820
0.008793
0.008767
0.008740
0.008714
0.008688
0.008661
0.008635
0.008609
0.008583
0.008557
0.008531
0.008505
0.008480
0.008454
0.008428
0.008403
0.008377
0.008352
0.008327
0.008302
0.008276
0.008251
0.008227
0.008202
0.008177
0.008152
0.008127
0.008103
0.008078
0.008054
0.008030
0.008005
0.007981
0.007957
0.007933
0.007909
0.007885
0.007861
0.007837
0.007814
0.007790
0.007767
0.007743
0.007720
0.007696
0.007673
0.007650
0.007627
0.007604
0.007581
0.007558
0.007535
0.007512
0.007489
0.007467
0.007444
0.007422
0.007399
0.007377
0.007355
0.007332
0.007310
0.007288
0.007266
0.007244
0.007222
0.007200
0.007179
0.007157
0.007135
0.007114
0.007092
0.007071
0.007050
0.007028
0.007007
0.006986
0.006965
0.006944
0.006923
0.006902
0.006881
0.006860
0.006839
0.006819
0.006798
0.006778
0.006757
0.006737
0.006716
0.006696
0.006676
0.006656
0.006636
0.006616
0.006596
0.006576
0.006556
0.006536
0.006516
0.006497
0.006477
0.006457
0.006438
0.006418
0.006399
0.006380
0.006360
0.006341
0.006322
0.006303
0.006284
0.006265
0.006246
0.006227
0.006208
0.006190
0.006171
0.006152
0.006134
0.006115
0.006097
0.006078
0.006060
0.006042
0.006024
0.006005
0.005987
0.005969
0.005951
0.005933
0.005915
0.005897
0.005880
0.005862
0.005844
0.005826
0.005809
0.005791
0.005774
0.005756
0.005739
0.005722
0.005704
0.005687
0.005670
0.005653
0.005636
0.005619
0.005602
0.005585
0.005568
0.005551
0.005535
0.005518
0.005501
0.005485
0.005468
0.005452
0.005435
0.005419
0.005402
0.005386
0.005370
0.005354
0.005338
0.005321
0.005305
0.005289
0.005273
0.005258
0.005242
0.005226
0.005210
0.005194
0.005179
0.005163
0.005148
0.005132
0.005116
0.005101
0.005086
0.005070
0.005055
0.005040
0.005025
0.005009
0.004994
0.004979
0.004964
0.004949
0.004934
0.004919
0.004905
0.004890
0.004875
0.004860
0.004846
0.004831
0.004817
0.004802
0.004788
0.004773
0.004759
0.004744
0.004730
0.004716
0.004702
0.004687
0.004673
0.004659
0.004645
0.004631
0.004617
0.004603
0.004589
0.004576
0.004562
0.004548
0.004534
0.004521
0.004507
0.004493
0.004480
0.004466
0.004453
0.004440
0.004426
0.004413
0.004399
0.004386
0.004373
0.004360
0.004347
0.004334
0.004321
0.004308
0.004295
0.004282
0.004269
0.004256
0.004243
0.004230
0.004217
0.004205
0.004192
0.004179
0.004167
0.004154
0.004142
0.004129
0.004117
0.004104
0.004092
0.004080
0.004068
0.004055
0.004043
0.004031
0.004019
0.004007
0.003995
0.003983
0.003971
0.003959
0.003947
0.003935
0.003923
0.003911
0.003899
0.003888
0.003876
0.003864
0.003853
0.003841
0.003829
0.003818
0.003806
0.003795
0.003783
0.003772
0.003761
0.003749
0.003738
0.003727
0.003716
0.003704
0.003693
0.003682
0.003671
0.003660
0.003649
0.003638
0.003627
0.003616
0.003605
0.003594
0.003584
0.003573
0.003562
0.003551
0.003541
0.003530
0.003519
0.003509
0.003498
0.003488
0.003477
0.003467
0.003456
0.003446
0.003435
0.003425
0.003415
0.003405
0.003394
0.003384
0.003374
0.003364
0.003354
0.003344
0.003333
0.003323
0.003313
0.003303
0.003294
0.003284
0.003274
0.003264
0.003254
0.003244
0.003235
0.003225
0.003215
0.003205
0.003196
0.003186
0.003177
0.003167
0.003157
0.003148
0.003139
0.003129
0.003120
0.003110
0.003101
0.003092
0.003082
0.003073
0.003064
0.003055
0.003045
0.003036
0.003027
0.003018
0.003009
0.003000
0.002991
0.002982
0.002973
0.002964
0.002955
0.002946
0.002937
0.002928
0.002920
0.002911
0.002902
0.002893
0.002885
0.002876
0.002867
0.002859
0.002850
0.002842
0.002833
0.002824
0.002816
0.002808
0.002799
0.002791
0.002782
0.002774
0.002766
0.002757
0.002749
0.002741
0.002732
0.002724
0.002716
0.002708
0.002700
0.002692
0.002684
0.002676
0.002667
0.002659
0.002651
0.002643
0.002636
0.002628
0.002620
0.002612
0.002604
0.002596
0.002588
0.002581
0.002573
0.002565
0.002557
0.002550
0.002542
0.002534
0.002527
0.002519
0.002512
0.002504
0.002497
0.002489
0.002482
0.002474
0.002467
0.002459
0.002452
0.002445
0.002437
0.002430
0.002423
0.002415
0.002408
0.002401
0.002394
0.002386
0.002379
0.002372
0.002365
0.002358
0.002351
0.002344
0.002337
0.002330
0.002323
0.002316
0.002309
0.002302
0.002295
0.002288
0.002281
0.002274
0.002267
0.002261
0.002254
0.002247
0.002240
0.002234
0.002227
0.002220
0.002214
0.002207
0.002200
0.002194
0.002187
0.002181
0.002174
0.002167
0.002161
0.002154
0.002148
0.002142
0.002135
0.002129
0.002122
0.002116
0.002110
0.002103
0.002097
0.002091
0.002084
0.002078
0.002072
0.002066
0.002059
0.002053
0.002047
0.002041
0.002035
0.002029
0.002023
0.002017
0.002011
0.002004
0.001998
0.001992
0.001987
0.001981
0.001975
0.001969
0.001963
0.001957
0.001951
0.001945
0.001939
0.001933
0.001928
0.001922
0.001916
0.001910
0.001905
0.001899
0.001893
0.001888
0.001882
0.001876
0.001871
0.001865
0.001859
0.001854
0.001848
0.001843
0.001837
0.001832
0.001826
0.001821
0.001815
0.001810
0.001804
0.001799
0.001794
0.001788
0.001783
0.001778
0.001772
0.001767
0.001762
0.001756
0.001751
0.001746
0.001741
0.001735
0.001730
0.001725
0.001720
0.001715
0.001709
0.001704
0.001699
0.001694
0.001689
0.001684
0.001679
0.001674
0.001669
0.001664
0.001659
0.001654
0.001649
0.001644
0.001639
0.001634
0.001629
0.001624
0.001620
0.001615
0.001610
0.001605
0.001600
0.001595
0.001591
0.001586
0.001581
0.001576
0.001572
0.001567
0.001562
0.001558
0.001553
0.001548
0.001544
0.001539
0.001534
0.001530
0.001525
0.001521
0.001516
0.001511
0.001507
0.001502
0.001498
0.001493
0.001489
0.001485
0.001480
0.001476
0.001471
0.001467
0.001462
0.001458
0.001454
0.001449
0.001445
0.001441
0.001436
0.001432
0.001428
0.001423
0.001419
0.001415
0.001411
0.001406
0.001402
0.001398
0.001394
0.001390
0.001386
0.001381
0.001377
0.001373
0.001369
0.001365
0.001361
0.001357
0.001353
0.001349
0.001345
0.001341
0.001337
0.001333
0.001329
0.001325
0.001321
0.001317
0.001313
0.001309
0.001305
0.001301
0.001297
0.001293
0.001289
0.001285
0.001282
0.001278
0.001274
0.001270
0.001266
0.001263
0.001259
0.001255
0.001251
0.001248
0.001244
0.001240
0.001236
0.001233
0.001229
0.001225
0.001222
0.001218
0.001214
0.001211
0.001207
0.001203
0.001200
0.001196
0.001193
0.001189
0.001186
0.001182
0.001178
0.001175
0.001171
0.001168
0.001164
0.001161
0.001157
0.001154
0.001151
0.001147
0.001144
0.001140
0.001137
0.001133
0.001130
0.001127
0.001123
0.001120
0.001117
0.001113
0.001110
0.001107
0.001103
0.001100
0.001097
0.001093
0.001090
0.001087
0.001084
0.001080
0.001077
0.001074
0.001071
0.001068
0.001064
0.001061
0.001058
0.001055
0.001052
0.001049
0.001045
0.001042
0.001039
0.001036
0.001033
0.001030
0.001027
0.001024
0.001021
0.001018
0.001015
0.001011
0.001008
0.001005
0.001002
0.000999
0.000996
0.000993
0.000991
0.000988
0.000985
0.000982
0.000979
0.000976
0.000973
0.000970
0.000967
0.000964
0.000961
0.000958
0.000956
0.000953
0.000950
0.000947
0.000944
0.000941
0.000939
0.000936
0.000933
0.000930
0.000927
0.000925
0.000922
0.000919
0.000916
0.000914
0.000911
0.000908
0.000905
0.000903
0.000900
0.000897
0.000895
0.000892
0.000889
0.000887
0.000884
0.000881
0.000879
0.000876
0.000874
0.000871
0.000868
0.000866
0.000863
0.000861
0.000858
0.000855
0.000853
0.000850
0.000848
0.000845
0.000843
0.000840
0.000838
0.000835
0.000833
0.000830
0.000828
0.000825
0.000823
0.000820
0.000818
0.000815
0.000813
0.000811
0.000808
0.000806
0.000803
0.000801
0.000799
0.000796
0.000794
0.000791
0.000789
0.000787
0.000784
0.000782
0.000780
0.000777
0.000775
0.000773
0.000770
0.000768
0.000766
0.000764
0.000761
0.000759
0.000757
0.000754
0.000752
0.000750
0.000748
0.000745
0.000743
0.000741
0.000739
0.000737
0.000734
0.000732
0.000730
0.000728
0.000726
0.000724
0.000721
0.000719
0.000717
0.000715
0.000713
0.000711
0.000709
0.000706
0.000704
0.000702
0.000700
0.000698
0.000696
0.000694
0.000692
0.000690
0.000688
0.000686
0.000684
0.000682
0.000680
0.000677
0.000675
0.000673
0.000671
0.000669
0.000667
0.000665
0.000663
0.000661
0.000660
0.000658
0.000656
0.000654
0.000652
0.000650
0.000648
0.000646
0.000644
0.000642
0.000640
0.000638
0.000636
0.000634
0.000632
0.000631
0.000629
0.000627
0.000625
0.000623
0.000621
0.000619
0.000618
0.000616
0.000614
0.000612
0.000610
0.000608
0.000607
0.000605
0.000603
0.000601
0.000599
0.000598
0.000596
0.000594
0.000592
0.000591
0.000589
0.000587
0.000585
0.000584
0.000582
0.000580
0.000578
0.000577
0.000575
0.000573
0.000571
0.000570
0.000568
0.000566
0.000565
0.000563
0.000561
0.000560
0.000558
0.000556
0.000555
0.000553
0.000551
0.000550
0.000548
0.000546
0.000545
0.000543
0.000542
0.000540
0.000538
0.000537
0.000535
0.000534
0.000532
0.000530
0.000529
0.000527
0.000526
0.000524
0.000523
0.000521
0.000519
0.000518
0.000516
0.000515
0.000513
0.000512
0.000510
0.000509
0.000507
0.000506
0.000504
0.000503
0.000501
0.000500
0.000498
0.000497
0.000495
0.000494
0.000492
0.000491
0.000489
0.000488
0.000486
0.000485
0.000484
0.000482
0.000481
0.000479
0.000478
0.000476
0.000475
0.000474
0.000472
0.000471
0.000469
0.000468
0.000467
0.000465
0.000464
0.000462
0.000461
0.000460
0.000458
0.000457
0.000456
0.000454
0.000453
0.000451
0.000450
0.000449
0.000447
0.000446
0.000445
0.000443
0.000442
0.000441
0.000440
0.000438
0.000437
0.000436
0.000434
0.000433
0.000432
0.000430
0.000429
0.000428
0.000427
0.000425
0.000424
0.000423
0.000422
0.000420
0.000419
0.000418
0.000417
0.000415
0.000414
0.000413
0.000412
0.000410
0.000409
0.000408
0.000407
0.000406
0.000404
0.000403
0.000402
0.000401
0.000400
0.000398
0.000397
0.000396
0.000395
0.000394
0.000392
0.000391
0.000390
0.000389
0.000388
0.000387
0.000386
0.000384
0.000383
0.000382
0.000381
0.000380
0.000379
0.000378
0.000376
0.000375
0.000374
0.000373
0.000372
0.000371
0.000370
0.000369
0.000368
0.000366
0.000365
0.000364
0.000363
0.000362
0.000361
0.000360
0.000359
0.000358
0.000357
0.000356
0.000355
0.000354
0.000353
0.000352
0.000350
0.000349
0.000348
0.000347
0.000346
0.000345
0.000344
0.000343
0.000342
0.000341
0.000340
0.000339
0.000338
0.000337
0.000336
0.000335
0.000334
0.000333
0.000332
0.000331
0.000330
0.000329
0.000328
0.000327
0.000326
0.000325
0.000324
0.000323
0.000322
0.000321
0.000321
0.000320
0.000319
0.000318
0.000317
0.000316
0.000315
0.000314
0.000313
0.000312
0.000311
0.000310
0.000309
0.000308
0.000307
0.000307
0.000306
0.000305
0.000304
0.000303
0.000302
0.000301
0.000300
0.000299
0.000298
0.000298
0.000297
0.000296
0.000295
0.000294
0.000293
0.000292
0.000291
0.000291
0.000290
0.000289
0.000288
0.000287
0.000286
0.000285
0.000285
0.000284
0.000283
0.000282
0.000281
0.000280
0.000280
0.000279
0.000278
0.000277
0.000276
0.000275
0.000275
0.000274
0.000273
0.000272
0.000271
0.000271
0.000270
0.000269
0.000268
0.000267
0.000267
0.000266
0.000265
0.000264
0.000263
0.000263
0.000262
0.000261
0.000260
0.000260
0.000259
0.000258
0.000257
0.000256
0.000256
0.000255
0.000254
0.000253
0.000253
0.000252
0.000251
0.000250
0.000250
0.000249
0.000248
0.000247
0.000247
0.000246
0.000245
0.000245
0.000244
0.000243
0.000242
0.000242
0.000241
0.000240
0.000239
0.000239
0.000238
0.000237
0.000237
0.000236
0.000235
0.000235
0.000234
0.000233
0.000232
0.000232
0.000231
0.000230
0.000230
0.000229
0.000228
0.000228
0.000227
0.000226
0.000226
0.000225
0.000224
0.000224
0.000223
0.000222
0.000222
0.000221
0.000220
0.000220
0.000219
0.000218
0.000218
0.000217
0.000216
0.000216
0.000215
0.000215
0.000214
0.000213
0.000213
0.000212
0.000211
0.000211
0.000210
0.000210
0.000209
0.000208
0.000208
0.000207
0.000206
0.000206
0.000205
0.000205
0.000204
0.000203
0.000203
0.000202
0.000202
0.000201
0.000200
0.000200
0.000199
0.000199
0.000198
0.000197
0.000197
0.000196
0.000196
0.000195
0.000195
0.000194
0.000193
0.000193
0.000192
0.000192
0.000191
0.000191
0.000190
0.000189
0.000189
0.000188
0.000188
0.000187
0.000187
0.000186
0.000186
0.000185
0.000184
0.000184
0.000183
0.000183
0.000182
0.000182
0.000181
0.000181
0.000180
0.000180
0.000179
0.000179
0.000178
0.000177
0.000177
0.000176
0.000176
0.000175
0.000175
0.000174
0.000174
0.000173
0.000173
0.000172
0.000172
0.000171
0.000171
0.000170
0.000170
0.000169
0.000169
0.000168
0.000168
0.000167
0.000167
0.000166
0.000166
0.000165
0.000165
0.000164
0.000164
0.000163
0.000163
0.000162
0.000162
0.000161
0.000161
0.000160
0.000160
0.000159
0.000159
0.000159
0.000158
0.000158
0.000157
0.000157
0.000156
0.000156
0.000155
0.000155
0.000154
0.000154
0.000153
0.000153
0.000153
0.000152
0.000152
0.000151
0.000151
0.000150
0.000150
0.000149
0.000149
0.000149
0.000148
0.000148
0.000147
0.000147
0.000146
0.000146
0.000145
0.000145
0.000145
0.000144
0.000144
0.000143
0.000143
0.000142
0.000142
0.000142
0.000141
0.000141
0.000140
0.000140
0.000140
0.000139
0.000139
0.000138
0.000138
0.000138
0.000137
0.000137
0.000136
0.000136
0.000135
0.000135
0.000135
0.000134
0.000134
0.000134
0.000133
0.000133
0.000132
0.000132
0.000132
0.000131
0.000131
0.000130
0.000130
0.000130
0.000129
0.000129
0.000128
0.000128
0.000128
0.000127
0.000127
0.000127
0.000126
0.000126
0.000125
0.000125
0.000125
0.000124
0.000124
0.000124
0.000123
0.000123
0.000123
0.000122
0.000122
0.000121
0.000121
0.000121
0.000120
0.000120
0.000120
0.000119
0.000119
0.000119
0.000118
0.000118
0.000118
0.000117
0.000117
0.000117
0.000116
0.000116
0.000115
0.000115
0.000115
0.000114
0.000114
0.000114
0.000113
0.000113
0.000113
0.000112
0.000112
0.000112
0.000111
0.000111
0.000111
0.000110
0.000110
0.000110
0.000109
0.000109
0.000109
0.000109
0.000108
0.000108
0.000108
0.000107
0.000107
0.000107
0.000106
0.000106
0.000106
0.000105
0.000105
0.000105
0.000104
0.000104
0.000104
0.000103
0.000103
0.000103
0.000103
0.000102
0.000102
0.000102
0.000101
0.000101
0.000101
0.000100
0.000100
0.000100
0.000100
0.000099
0.000099
0.000099
0.000098
0.000098
0.000098
0.000098
0.000097
0.000097
0.000097
0.000096
0.000096
0.000096
0.000096
0.000095
0.000095
0.000095
0.000094
0.000094
0.000094
0.000094
0.000093
0.000093
0.000093
0.000092
0.000092
0.000092
0.000092
0.000091
0.000091
0.000091
0.000091
0.000090
0.000090
0.000090
0.000090
0.000089
0.000089
0.000089
0.000088
0.000088
0.000088
0.000088
0.000087
0.000087
0.000087
0.000087
0.000086
0.000086
0.000086
0.000086
0.000085
0.000085
0.000085
0.000085
0.000084
0.000084
0.000084
0.000084
0.000083
0.000083
0.000083
0.000083
0.000082
0.000082
0.000082
0.000082
0.000081
0.000081
0.000081
0.000081
0.000080
0.000080
0.000080
0.000080
0.000080
0.000079
0.000079
0.000079
0.000079
0.000078
0.000078
0.000078
0.000078
0.000077
0.000077
0.000077
0.000077
0.000077
0.000076
0.000076
0.000076
0.000076
0.000075
0.000075
0.000075
0.000075
0.000075
0.000074
0.000074
0.000074
0.000074
0.000073
0.000073
0.000073
0.000073
0.000073
0.000072
0.000072
0.000072
0.000072
0.000072
0.000071
0.000071
0.000071
0.000071
0.000070
0.000070
0.000070
0.000070
0.000070
0.000069
0.000069
0.000069
0.000069
0.000069
0.000068
0.000068
0.000068
0.000068
0.000068
0.000067
0.000067
0.000067
0.000067
0.000067
0.000066
0.000066
0.000066
0.000066
0.000066
0.000065
0.000065
0.000065
0.000065
0.000065
0.000065
0.000064
0.000064
0.000064
0.000064
0.000064
0.000063
0.000063
0.000063
0.000063
0.000063
0.000062
0.000062
0.000062
0.000062
0.000062
0.000062
0.000061
0.000061
0.000061
0.000061
0.000061
0.000060
0.000060
0.000060
0.000060
0.000060
0.000060
0.000059
0.000059
0.000059
0.000059
0.000059
0.000059
0.000058
0.000058
0.000058
0.000058
0.000058
0.000057
0.000057
0.000057
0.000057
0.000057
0.000057
0.000056
0.000056
0.000056
0.000056
0.000056
0.000056
0.000055
0.000055
0.000055
0.000055
0.000055
0.000055
0.000055
0.000054
0.000054
0.000054
0.000054
0.000054
0.000054
0.000053
0.000053
0.000053
0.000053
0.000053
0.000053
0.000052
0.000052
0.000052
0.000052
0.000052
0.000052
0.000052
0.000051
0.000051
0.000051
0.000051
0.000051
0.000051
0.000051
0.000050
0.000050
0.000050
0.000050
0.000050
0.000050
0.000049
0.000049
0.000049
0.000049
0.000049
0.000049
0.000049
0.000048
0.000048
0.000048
0.000048
0.000048
0.000048
0.000048
0.000047
0.000047
0.000047
0.000047
0.000047
0.000047
0.000047
0.000047
0.000046
0.000046
0.000046
0.000046
0.000046
0.000046
0.000046
0.000045
0.000045
0.000045
0.000045
0.000045
0.000045
0.000045
0.000044
0.000044
0.000044
0.000044
0.000044
0.000044
0.000044
0.000044
0.000043
0.000043
0.000043
0.000043
0.000043
0.000043
0.000043
0.000043
0.000042
0.000042
0.000042
0.000042
0.000042
0.000042
0.000042
0.000042
0.000041
0.000041
0.000041
0.000041
0.000041
0.000041
0.000041
0.000041
0.000040
0.000040
0.000040
0.000040
0.000040
0.000040
0.000040
0.000040
0.000040
0.000039
0.000039
0.000039
0.000039
0.000039
0.000039
0.000039
0.000039
0.000039
0.000038
0.000038
0.000038
0.000038
0.000038
0.000038
0.000038
0.000038
0.000038
0.000037
0.000037
0.000037
0.000037
0.000037
0.000037
0.000037
0.000037
0.000037
0.000036
0.000036
0.000036
0.000036
0.000036
0.000036
0.000036
0.000036
0.000036
0.000035
0.000035
0.000035
0.000035
0.000035
0.000035
0.000035
0.000035
0.000035
0.000035
0.000034
0.000034
0.000034
0.000034
0.000034
0.000034
0.000034
0.000034
0.000034
0.000034
0.000033
0.000033
0.000033
0.000033
0.000033
0.000033
0.000033
0.000033
0.000033
0.000033
0.000032
0.000032
0.000032
0.000032
0.000032
0.000032
0.000032
0.000032
0.000032
0.000032
0.000032
0.000031
0.000031
0.000031
0.000031
0.000031
0.000031
0.000031
0.000031
0.000031
0.000031
0.000031
0.000030
0.000030
0.000030
0.000030
0.000030
0.000030
0.000030
0.000030
0.000030
0.000030
0.000030
0.000029
0.000029
0.000029
0.000029
0.000029
0.000029
0.000029
0.000029
0.000029
0.000029
0.000029
0.000029
0.000028
0.000028
0.000028
0.000028
0.000028
0.000028
0.000028
0.000028
0.000028
0.000028
0.000028
0.000028
0.000027
0.000027
0.000027
0.000027
0.000027
0.000027
0.000027
0.000027
0.000027
0.000027
0.000027
0.000027
0.000027
0.000026
0.000026
0.000026
0.000026
0.000026
0.000026
0.000026
0.000026
0.000026
0.000026
0.000026
0.000026
0.000026
0.000025
0.000025
0.000025
0.000025
0.000025
0.000025
0.000025
0.000025
0.000025
0.000025
0.000025
0.000025
0.000025
0.000024
0.000024
0.000024
0.000024
0.000024
0.000024
0.000024
0.000024
0.000024
0.000024
0.000024
0.000024
0.000024
0.000024
0.000024
0.000023
0.000023
0.000023
0.000023
0.000023
0.000023
0.000023
0.000023
0.000023
0.000023
0.000023
0.000023
0.000023
0.000023
0.000022
0.000022
0.000022
0.000022
0.000022
0.000022
0.000022
0.000022
0.000022
0.000022
0.000022
0.000022
0.000022
0.000022
0.000022
0.000022
0.000021
0.000021
0.000021
0.000021
0.000021
0.000021
0.000021
0.000021
0.000021
0.000021
0.000021
0.000021
0.000021
0.000021
0.000021
0.000021
0.000020
0.000020
0.000020
0.000020
0.000020
0.000020
0.000020
0.000020
0.000020
0.000020
0.000020
0.000020
0.000020
0.000020
0.000020
0.000020
0.000020
0.000019
0.000019
0.000019
0.000019
0.000019
0.000019
0.000019
0.000019
0.000019
0.000019
0.000019
0.000019
0.000019
0.000019
0.000019
0.000019
0.000019
0.000019
0.000018
0.000018
0.000018
0.000018
0.000018
0.000018
0.000018
0.000018
0.000018
0.000018
0.000018
0.000018
0.000018
0.000018
0.000018
0.000018
0.000018
0.000018
0.000018
0.000017
0.000017
0.000017
0.000017
0.000017
0.000017
0.000017
0.000017
0.000017
0.000017
0.000017
0.000017
0.000017
0.000017
0.000017
0.000017
0.000017
0.000017
0.000017
0.000017
0.000016
0.000016
0.000016
0.000016
0.000016
0.000016
0.000016
0.000016
0.000016
0.000016
0.000016
0.000016
0.000016
0.000016
0.000016
0.000016
0.000016
0.000016
0.000016
0.000016
0.000016
0.000015
0.000015
0.000015
0.000015
0.000015
0.000015
0.000015
0.000015
0.000015
0.000015
0.000015
0.000015
0.000015
0.000015
0.000015
0.000015
0.000015
0.000015
0.000015
0.000015
0.000015
0.000015
0.000015
0.000014
0.000014
0.000014
0.000014
0.000014
0.000014
0.000014
0.000014
0.000014
0.000014
0.000014
0.000014
0.000014
0.000014
0.000014
0.000014
0.000014
0.000014
0.000014
0.000014
0.000014
0.000014
0.000014
0.000014
0.000014
0.000013
0.000013
0.000013
0.000013
0.000013
0.000013
0.000013
0.000013
0.000013
0.000013
0.000013
0.000013
0.000013
0.000013
0.000013
0.000013
0.000013
0.000013
0.000013
0.000013
0.000013
0.000013
0.000013
0.000013
0.000013
0.000013
0.000012
0.000012
0.000012
0.000012
0.000012
0.000012
0.000012
0.000012
0.000012
0.000012
0.000012
0.000012
0.000012
0.000012
0.000012
0.000012
0.000012
0.000012
0.000012
0.000012
0.000012
0.000012
0.000012
0.000012
0.000012
0.000012
0.000012
0.000012
0.000011
0.000011
0.000011
0.000011
0.000011
0.000011
0.000011
0.000011
0.000011
0.000011
0.000011
0.000011
0.000011
0.000011
0.000011
0.000011
0.000011
0.000011
0.000011
0.000011
0.000011
0.000011
0.000011
0.000011
0.000011
0.000011
0.000011
0.000011
0.000011
0.000011
0.000011
0.000011
0.000010
0.000010
0.000010
0.000010
0.000010
0.000010
0.000010
0.000010
0.000010
0.000010
0.000010
0.000010
0.000010
0.000010
0.000010
0.000010
0.000010
0.000010
0.000010
0.000010
0.000010
0.000010
0.000010
0.000010
0.000010
0.000010
0.000010
0.000010
0.000010
0.000010
0.000010
0.000010
0.000010
0.000010
0.000009
0.000009
0.000009
0.000009
0.000009
0.000009
0.000009
0.000009
0.000009
0.000009
0.000009
0.000009
0.000009
0.000009
0.000009
0.000009
0.000009
0.000009
0.000009
0.000009
0.000009
0.000009
0.000009
0.000009
0.000009
0.000009
0.000009
0.000009
0.000009
0.000009
0.000009
0.000009
0.000009
0.000009
0.000009
0.000009
0.000009
0.000009
0.000008
0.000008
0.000008
0.000008
0.000008
0.000008
0.000008
0.000008
0.000008
0.000008
0.000008
0.000008
0.000008
0.000008
0.000008
0.000008
0.000008
0.000008
0.000008
0.000008
0.000008
0.000008
0.000008
0.000008
0.000008
0.000008
0.000008
0.000008
0.000008
0.000008
0.000008
0.000008
0.000008
0.000008
0.000008
0.000008
0.000008
0.000008
0.000008
0.000008
0.000008
0.000008
0.000008
0.000007
0.000007
0.000007
0.000007
0.000007
0.000007
0.000007
0.000007
0.000007
0.000007
0.000007
0.000007
0.000007
0.000007
0.000007
0.000007
0.000007
0.000007
0.000007
0.000007
0.000007
0.000007
0.000007
0.000007
0.000007
0.000007
0.000007
0.000007
0.000007
0.000007
0.000007
0.000007
0.000007
0.000007
0.000007
0.000007
0.000007
0.000007
0.000007
0.000007
0.000007
0.000007
0.000007
0.000007
0.000007
0.000007
0.000007
0.000007
0.000007
0.000006
0.000006
0.000006
0.000006
0.000006
0.000006
0.000006
0.000006
0.000006
0.000006
0.000006
0.000006
0.000006
0.000006
0.000006
0.000006
0.000006
0.000006
0.000006
0.000006
0.000006
0.000006
0.000006
0.000006
0.000006
0.000006
0.000006
0.000006
0.000006
0.000006
0.000006
0.000006
0.000006
0.000006
0.000006
0.000006
0.000006
0.000006
0.000006
0.000006
0.000006
0.000006
0.000006
0.000006
0.000006
0.000006
0.000006
0.000006
0.000006
0.000006
0.000006
0.000006
0.000006
0.000006
0.000006
0.000006
0.000006
0.000005
0.000005
0.000005
0.000005
0.000005
0.000005
0.000005
0.000005
0.000005
0.000005
0.000005
0.000005
0.000005
0.000005
0.000005
0.000005
0.000005
0.000005
0.000005
0.000005
0.000005
0.000005
0.000005
0.000005
0.000005
0.000005
0.000005
0.000005
0.000005
0.000005
0.000005
0.000005
0.000005
0.000005
0.000005
0.000005
0.000005
0.000005
0.000005
0.000005
0.000005
0.000005
0.000005
0.000005
0.000005
0.000005
0.000005
0.000005
0.000005
0.000005
0.000005
0.000005
0.000005
0.000005
0.000005
0.000005
0.000005
0.000005
0.000005
0.000005
0.000005
0.000005
0.000005
0.000005
0.000005
0.000005
0.000005
0.000005
0.000005
0.000004
0.000004
0.000004
0.000004
0.000004
0.000004
0.000004
0.000004
0.000004
0.000004
0.000004
0.000004
0.000004
0.000004
0.000004
0.000004
0.000004
0.000004
0.000004
0.000004
0.000004
0.000004
0.000004
0.000004
0.000004
0.000004
0.000004
0.000004
0.000004
0.000004
0.000004
0.000004
0.000004
0.000004
0.000004
0.000004
0.000004
0.000004
0.000004
0.000004
0.000004
0.000004
0.000004
0.000004
0.000004
0.000004
0.000004
0.000004
0.000004
0.000004
0.000004
0.000004
0.000004
0.000004
0.000004
0.000004
0.000004
0.000004
0.000004
0.000004
0.000004
0.000004
0.000004
0.000004
0.000004
0.000004
0.000004
0.000004
0.000004
0.000004
0.000004
0.000004
0.000004
0.000004
0.000004
0.000004
0.000004
0.000004
0.000004
0.000004
0.000004
0.000004
0.000004
0.000004
0.000004
0.000004
0.000003
0.000003
0.000003
0.000003
0.000003
0.000003
0.000003
0.000003
0.000003
0.000003
0.000003
0.000003
0.000003
0.000003
0.000003
0.000003
0.000003
0.000003
0.000003
0.000003
0.000003
0.000003
0.000003
0.000003
0.000003
0.000003
0.000003
0.000003
0.000003
0.000003
0.000003
0.000003
0.000003
0.000003
0.000003
0.000003
0.000003
0.000003
0.000003
0.000003
0.000003
0.000003
0.000003
0.000003
0.000003
0.000003
0.000003
0.000003
0.000003
0.000003
0.000003
0.000003
0.000003
0.000003
0.000003
0.000003
0.000003
0.000003
0.000003
0.000003
0.000003
0.000003
0.000003
0.000003
0.000003
0.000003
0.000003
0.000003
0.000003
0.000003
0.000003
0.000003
0.000003
0.000003
0.000003
0.000003
0.000003
0.000003
0.000003
0.000003
0.000003
0.000003
0.000003
0.000003
0.000003
0.000003
0.000003
0.000003
0.000003
0.000003
0.000003
0.000003
0.000003
0.000003
0.000003
0.000003
0.000003
0.000003
0.000003
0.000003
0.000003
0.000003
0.000003
0.000003
0.000003
0.000003
0.000003
0.000003
0.000003
0.000003
0.000003
0.000003
0.000003
0.000003
0.000003
0.000003
0.000002
0.000002
0.000002
0.000002
0.000002
0.000002
0.000002
0.000002
0.000002
0.000002
0.000002
0.000002
0.000002
0.000002
0.000002
0.000002
0.000002
0.000002
0.000002
0.000002
0.000002
0.000002
0.000002
0.000002
0.000002
0.000002
0.000002
0.000002
0.000002
0.000002
0.000002
0.000002
0.000002
0.000002
0.000002
0.000002
0.000002
0.000002
0.000002
0.000002
0.000002
0.000002
0.000002
0.000002
0.000002
0.000002
0.000002
0.000002
0.000002
0.000002
0.000002
0.000002
0.000002
0.000002
0.000002
0.000002
0.000002
0.000002
0.000002
0.000002
0.000002
0.000002
0.000002
0.000002
0.000002
0.000002
0.000002
0.000002
0.000002
0.000002
0.000002
0.000002
0.000002
0.000002
0.000002
0.000002
0.000002
0.000002
0.000002
0.000002
0.000002
0.000002
0.000002
0.000002
0.000002
0.000002
0.000002
0.000002
0.000002
0.000002
0.000002
0.000002
0.000002
0.000002
0.000002
0.000002
0.000002
0.000002
0.000002
0.000002
0.000002
0.000002
0.000002
0.000002
0.000002
0.000002
0.000002
0.000002
0.000002
0.000002
0.000002
0.000002
0.000002
0.000002
0.000002
0.000002
0.000002
0.000002
0.000002
0.000002
0.000002
0.000002
0.000002
0.000002
0.000002
0.000002
0.000002
0.000002
0.000002
0.000002
0.000002
0.000002
0.000002
0.000002
0.000002
0.000002
0.000002
0.000002
0.000002
0.000002
0.000002
0.000002
0.000002
0.000002
