0.014584
0.014566
0.014547
0.014529
0.014511
0.014493
0.014475
0.014458
0.014440
0.014423
0.014406
0.014389
0.014372
0.014355
0.014339
0.014323
0.014306
0.014290
0.014274
0.014259
0.014243
0.014227
0.014212
0.014197
0.014181
0.014166
0.014151
0.014137
0.014122
0.014107
0.014093
0.014078
0.014064
0.014050
0.014036
0.014022
0.014008
0.013994
0.013980
0.013966
0.013953
0.013939
0.013926
0.013913
0.013899
0.013886
0.013873
0.013860
0.013847
0.013834
0.013821
0.013809
0.013796
0.013783
0.013771
0.013758
0.013746
0.013734
0.013721
0.013709
0.013697
0.013685
0.013673
0.013661
0.013649
0.013637
0.013625
0.013613
0.013602
0.013590
0.013578
0.013567
0.013555
0.013544
0.013532
0.013521
0.013510
0.013498
0.013487
0.013476
0.013465
0.013453
0.013442
0.013431
0.013420
0.013409
0.013398
0.013387
0.013376
0.013365
0.013355
0.013344
0.013333
0.013322
0.013312
0.013301
0.013290
0.013280
0.013269
0.013259
0.013248
0.013238
0.013227
0.013217
0.013206
0.013196
0.013185
0.013175
0.013165
0.013154
0.013144
0.013134
0.013124
0.013114
0.013103
0.013093
0.013083
0.013073
0.013063
0.013053
0.013043
0.013033
0.013023
0.013013
0.013003
0.012993
0.012983
0.012973
0.012963
0.012953
0.012943
0.012934
0.012924
0.012914
0.012904
0.012894
0.012885
0.012875
0.012865
0.012855
0.012846
0.012836
0.012826
0.012817
0.012807
0.012797
0.012788
0.012778
0.012769
0.012759
0.012750
0.012740
0.012731
0.012721
0.012712
0.012702
0.012693
0.012683
0.012674
0.012664
0.012655
0.012646
0.012636
0.012627
0.012617
0.012608
0.012599
0.012589
0.012580
0.012571
0.012561
0.012552
0.012543
0.012534
0.012524
0.012515
0.012506
0.012497
0.012488
0.012478
0.012469
0.012460
0.012451
0.012442
0.012432
0.012423
0.012414
0.012405
0.012396
0.012387
0.012378
0.012369
0.012360
0.012351
0.012342
0.012333
0.012323
0.012314
0.012305
0.012296
0.012287
0.012278
0.012269
0.012261
0.012252
0.012243
0.012234
0.012225
0.012216
0.012207
0.012198
0.012189
0.012180
0.012171
0.012162
0.012154
0.012145
0.012136
0.012127
0.012118
0.012109
0.012100
0.012092
0.012083
0.012074
0.012065
0.012056
0.012048
0.012039
0.012030
0.012021
0.012013
0.012004
0.011995
0.011986
0.011978
0.011969
0.011960
0.011952
0.011943
0.011934
0.011926
0.011917
0.011908
0.011900
0.011891
0.011882
0.011874
0.011865
0.011857
0.011848
0.011839
0.011831
0.011822
0.011814
0.011805
0.011796
0.011788
0.011779
0.011771
0.011762
0.011754
0.011745
0.011737
0.011728
0.011720
0.011711
0.011703
0.011694
0.011686
0.011677
0.011669
0.011660
0.011652
0.011643
0.011635
0.011627
0.011618
0.011610
0.011601
0.011593
0.011585
0.011576
0.011568
0.011559
0.011551
0.011543
0.011534
0.011526
0.011518
0.011509
0.011501
0.011493
0.011484
0.011476
0.011468
0.011459
0.011451
0.011443
0.011434
0.011426
0.011418
0.011410
0.011401
0.011393
0.011385
0.011377
0.011368
0.011360
0.011352
0.011344
0.011336
0.011327
0.011319
0.011311
0.011303
0.011295
0.011286
0.011278
0.011270
0.011262
0.011254
0.011246
0.011238
0.011229
0.011221
0.011213
0.011205
0.011197
0.011189
0.011181
0.011173
0.011165
0.011157
0.011148
0.011140
0.011132
0.011124
0.011116
0.011108
0.011100
0.011092
0.011084
0.011076
0.011068
0.011060
0.011052
0.011044
0.011036
0.011028
0.011020
0.011012
0.011004
0.010996
0.010988
0.010980
0.010972
0.010965
0.010957
0.010949
0.010941
0.010933
0.010925
0.010917
0.010909
0.010901
0.010893
0.010886
0.010878
0.010870
0.010862
0.010854
0.010846
0.010838
0.010831
0.010823
0.010815
0.010807
0.010799
0.010792
0.010784
0.010776
0.010768
0.010760
0.010753
0.010745
0.010737
0.010729
0.010722
0.010714
0.010706
0.010698
0.010691
0.010683
0.010675
0.010667
0.010660
0.010652
0.010644
0.010637
0.010629
0.010621
0.010614
0.010606
0.010598
0.010591
0.010583
0.010575
0.010568
0.010560
0.010552
0.010545
0.010537
0.010530
0.010522
0.010514
0.010507
0.010499
0.010492
0.010484
0.010476
0.010469
0.010461
0.010454
0.010446
0.010439
0.010431
0.010424
0.010416
0.010409
0.010401
0.010393
0.010386
0.010378
0.010371
0.010363
0.010356
0.010349
0.010341
0.010334
0.010326
0.010319
0.010311
0.010304
0.010296
0.010289
0.010281
0.010274
0.010267
0.010259
0.010252
0.010244
0.010237
0.010230
0.010222
0.010215
0.010207
0.010200
0.010193
0.010185
0.010178
0.010171
0.010163
0.010156
0.010149
0.010141
0.010134
0.010127
0.010119
0.010112
0.010105
0.010097
0.010090
0.010083
0.010076
0.010068
0.010061
0.010054
0.010046
0.010039
0.010032
0.010025
0.010017
0.010010
0.010003
0.009996
0.009989
0.009981
0.009974
0.009967
0.009960
0.009953
0.009945
0.009938
0.009931
0.009924
0.009917
0.009909
0.009902
0.009895
0.009888
0.009881
0.009874
0.009867
0.009860
0.009852
0.009845
0.009838
0.009831
0.009824
0.009817
0.009810
0.009803
0.009796
0.009789
0.009781
0.009774
0.009767
0.009760
0.009753
0.009746
0.009739
0.009732
0.009725
0.009718
0.009711
0.009704
0.009697
0.009690
0.009683
0.009676
0.009669
0.009662
0.009655
0.009648
0.009641
0.009634
0.009627
0.009620
0.009613
0.009606
0.009600
0.009593
0.009586
0.009579
0.009572
0.009565
0.009558
0.009551
0.009544
0.009537
0.009530
0.009524
0.009517
0.009510
0.009503
0.009496
0.009489
0.009482
0.009476
0.009469
0.009462
0.009455
0.009448
0.009441
0.009435
0.009428
0.009421
0.009414
0.009407
0.009401
0.009394
0.009387
0.009380
0.009373
0.009367
0.009360
0.009353
0.009346
0.009340
0.009333
0.009326
0.009319
0.009313
0.009306
0.009299
0.009293
0.009286
0.009279
0.009272
0.009266
0.009259
0.009252
0.009246
0.009239
0.009232
0.009226
0.009219
0.009212
0.009206
0.009199
0.009192
0.009186
0.009179
0.009173
0.009166
0.009159
0.009153
0.009146
0.009140
0.009133
0.009126
0.009120
0.009113
0.009107
0.009100
0.009093
0.009087
0.009080
0.009074
0.009067
0.009061
0.009054
0.009048
0.009041
0.009035
0.009028
0.009022
0.009015
0.009009
0.009002
0.008996
0.008989
0.008983
0.008976
0.008970
0.008963
0.008957
0.008950
0.008944
0.008937
0.008931
0.008924
0.008918
0.008912
0.008905
0.008899
0.008892
0.008886
0.008879
0.008873
0.008867
0.008860
0.008854
0.008847
0.008841
0.008835
0.008828
0.008822
0.008816
0.008809
0.008803
0.008796
0.008790
0.008784
0.008777
0.008771
0.008765
0.008758
0.008752
0.008746
0.008740
0.008733
0.008727
0.008721
0.008714
0.008708
0.008702
0.008695
0.008689
0.008683
0.008677
0.008670
0.008664
0.008658
0.008652
0.008645
0.008639
0.008633
0.008627
0.008620
0.008614
0.008608
0.008602
0.008596
0.008589
0.008583
0.008577
0.008571
0.008565
0.008558
0.008552
0.008546
0.008540
0.008534
0.008528
0.008522
0.008515
0.008509
0.008503
0.008497
0.008491
0.008485
0.008479
0.008472
0.008466
0.008460
0.008454
0.008448
0.008442
0.008436
0.008430
0.008424
0.008418
0.008412
0.008405
0.008399
0.008393
0.008387
0.008381
0.008375
0.008369
0.008363
0.008357
0.008351
0.008345
0.008339
0.008333
0.008327
0.008321
0.008315
0.008309
0.008303
0.008297
0.008291
0.008285
0.008279
0.008273
0.008267
0.008261
0.008255
0.008249
0.008243
0.008237
0.008231
0.008225
0.008220
0.008214
0.008208
0.008202
0.008196
0.008190
0.008184
0.008178
0.008172
0.008166
0.008160
0.008155
0.008149
0.008143
0.008137
0.008131
0.008125
0.008119
0.008113
0.008108
0.008102
0.008096
0.008090
0.008084
0.008078
0.008073
0.008067
0.008061
0.008055
0.008049
0.008044
0.008038
0.008032
0.008026
0.008020
0.008015
0.008009
0.008003
0.007997
0.007991
0.007986
0.007980
0.007974
0.007968
0.007963
0.007957
0.007951
0.007945
0.007940
0.007934
0.007928
0.007923
0.007917
0.007911
0.007905
0.007900
0.007894
0.007888
0.007883
0.007877
0.007871
0.007866
0.007860
0.007854
0.007849
0.007843
0.007837
0.007832
0.007826
0.007820
0.007815
0.007809
0.007803
0.007798
0.007792
0.007787
0.007781
0.007775
0.007770
0.007764
0.007759
0.007753
0.007747
0.007742
0.007736
0.007731
0.007725
0.007720
0.007714
0.007708
0.007703
0.007697
0.007692
0.007686
0.007681
0.007675
0.007670
0.007664
0.007659
0.007653
0.007647
0.007642
0.007636
0.007631
0.007625
0.007620
0.007614
0.007609
0.007603
0.007598
0.007593
0.007587
0.007582
0.007576
0.007571
0.007565
0.007560
0.007554
0.007549
0.007543
0.007538
0.007533
0.007527
0.007522
0.007516
0.007511
0.007505
0.007500
0.007495
0.007489
0.007484
0.007478
0.007473
0.007468
0.007462
0.007457
0.007452
0.007446
0.007441
0.007435
0.007430
0.007425
0.007419
0.007414
0.007409
0.007403
0.007398
0.007393
0.007387
0.007382
0.007377
0.007371
0.007366
0.007361
0.007355
0.007350
0.007345
0.007340
0.007334
0.007329
0.007324
0.007318
0.007313
0.007308
0.007303
0.007297
0.007292
0.007287
0.007282
0.007276
0.007271
0.007266
0.007261
0.007255
0.007250
0.007245
0.007240
0.007234
0.007229
0.007224
0.007219
0.007214
0.007208
0.007203
0.007198
0.007193
0.007188
0.007182
0.007177
0.007172
0.007167
0.007162
0.007157
0.007151
0.007146
0.007141
0.007136
0.007131
0.007126
0.007121
0.007115
0.007110
0.007105
0.007100
0.007095
0.007090
0.007085
0.007080
0.007075
0.007069
0.007064
0.007059
0.007054
0.007049
0.007044
0.007039
0.007034
0.007029
0.007024
0.007019
0.007014
0.007009
0.007004
0.006998
0.006993
0.006988
0.006983
0.006978
0.006973
0.006968
0.006963
0.006958
0.006953
0.006948
0.006943
0.006938
0.006933
0.006928
0.006923
0.006918
0.006913
0.006908
0.006903
0.006898
0.006893
0.006888
0.006883
0.006878
0.006874
0.006869
0.006864
0.006859
0.006854
0.006849
0.006844
0.006839
0.006834
0.006829
0.006824
0.006819
0.006814
0.006809
0.006805
0.006800
0.006795
0.006790
0.006785
0.006780
0.006775
0.006770
0.006765
0.006761
0.006756
0.006751
0.006746
0.006741
0.006736
0.006731
0.006727
0.006722
0.006717
0.006712
0.006707
0.006702
0.006697
0.006693
0.006688
0.006683
0.006678
0.006673
0.006669
0.006664
0.006659
0.006654
0.006649
0.006645
0.006640
0.006635
0.006630
0.006625
0.006621
0.006616
0.006611
0.006606
0.006602
0.006597
0.006592
0.006587
0.006583
0.006578
0.006573
0.006568
0.006564
0.006559
0.006554
0.006550
0.006545
0.006540
0.006535
0.006531
0.006526
0.006521
0.006517
0.006512
0.006507
0.006503
0.006498
0.006493
0.006488
0.006484
0.006479
0.006474
0.006470
0.006465
0.006460
0.006456
0.006451
0.006447
0.006442
0.006437
0.006433
0.006428
0.006423
0.006419
0.006414
0.006409
0.006405
0.006400
0.006396
0.006391
0.006386
0.006382
0.006377
0.006373
0.006368
0.006363
0.006359
0.006354
0.006350
0.006345
0.006341
0.006336
0.006331
0.006327
0.006322
0.006318
0.006313
0.006309
0.006304
0.006300
0.006295
0.006291
0.006286
0.006282
0.006277
0.006272
0.006268
0.006263
0.006259
0.006254
0.006250
0.006245
0.006241
0.006236
0.006232
0.006227
0.006223
0.006218
0.006214
0.006210
0.006205
0.006201
0.006196
0.006192
0.006187
0.006183
0.006178
0.006174
0.006169
0.006165
0.006161
0.006156
0.006152
0.006147
0.006143
0.006138
0.006134
0.006130
0.006125
0.006121
0.006116
0.006112
0.006108
0.006103
0.006099
0.006094
0.006090
0.006086
0.006081
0.006077
0.006072
0.006068
0.006064
0.006059
0.006055
0.006051
0.006046
0.006042
0.006038
0.006033
0.006029
0.006025
0.006020
0.006016
0.006012
0.006007
0.006003
0.005999
0.005994
0.005990
0.005986
0.005981
0.005977
0.005973
0.005968
0.005964
0.005960
0.005955
0.005951
0.005947
0.005943
0.005938
0.005934
0.005930
0.005926
0.005921
0.005917
0.005913
0.005909
0.005904
0.005900
0.005896
0.005892
0.005887
0.005883
0.005879
0.005875
0.005870
0.005866
0.005862
0.005858
0.005853
0.005849
0.005845
0.005841
0.005837
0.005832
0.005828
0.005824
0.005820
0.005816
0.005811
0.005807
0.005803
0.005799
0.005795
0.005791
0.005786
0.005782
0.005778
0.005774
0.005770
0.005766
0.005761
0.005757
0.005753
0.005749
0.005745
0.005741
0.005737
0.005733
0.005728
0.005724
0.005720
0.005716
0.005712
0.005708
0.005704
0.005700
0.005695
0.005691
0.005687
0.005683
0.005679
0.005675
0.005671
0.005667
0.005663
0.005659
0.005655
0.005651
0.005647
0.005642
0.005638
0.005634
0.005630
0.005626
0.005622
0.005618
0.005614
0.005610
0.005606
0.005602
0.005598
0.005594
0.005590
0.005586
0.005582
0.005578
0.005574
0.005570
0.005566
0.005562
0.005558
0.005554
0.005550
0.005546
0.005542
0.005538
0.005534
0.005530
0.005526
0.005522
0.005518
0.005514
0.005510
0.005506
0.005502
0.005498
0.005494
0.005490
0.005486
0.005482
0.005478
0.005474
0.005470
0.005467
0.005463
0.005459
0.005455
0.005451
0.005447
0.005443
0.005439
0.005435
0.005431
0.005427
0.005423
0.005420
0.005416
0.005412
0.005408
0.005404
0.005400
0.005396
0.005392
0.005388
0.005385
0.005381
0.005377
0.005373
0.005369
0.005365
0.005361
0.005357
0.005354
0.005350
0.005346
0.005342
0.005338
0.005334
0.005331
0.005327
0.005323
0.005319
0.005315
0.005311
0.005308
0.005304
0.005300
0.005296
0.005292
0.005289
0.005285
0.005281
0.005277
0.005273
0.005270
0.005266
0.005262
0.005258
0.005254
0.005251
0.005247
0.005243
0.005239
0.005236
0.005232
0.005228
0.005224
0.005220
0.005217
0.005213
0.005209
0.005205
0.005202
0.005198
0.005194
0.005191
0.005187
0.005183
0.005179
0.005176
0.005172
0.005168
0.005164
0.005161
0.005157
0.005153
0.005150
0.005146
0.005142
0.005139
0.005135
0.005131
0.005127
0.005124
0.005120
0.005116
0.005113
0.005109
0.005105
0.005102
0.005098
0.005094
0.005091
0.005087
0.005083
0.005080
0.005076
0.005072
0.005069
0.005065
0.005061
0.005058
0.005054
0.005051
0.005047
0.005043
0.005040
0.005036
0.005032
0.005029
0.005025
0.005022
0.005018
0.005014
0.005011
0.005007
0.005004
0.005000
0.004996
0.004993
0.004989
0.004986
0.004982
0.004978
0.004975
0.004971
0.004968
0.004964
0.004961
0.004957
0.004953
0.004950
0.004946
0.004943
0.004939
0.004936
0.004932
0.004929
0.004925
0.004921
0.004918
0.004914
0.004911
0.004907
0.004904
0.004900
0.004897
0.004893
0.004890
0.004886
0.004883
0.004879
0.004876
0.004872
0.004869
0.004865
0.004862
0.004858
0.004855
0.004851
0.004848
0.004844
0.004841
0.004837
0.004834
0.004830
0.004827
0.004823
0.004820
0.004816
0.004813
0.004809
0.004806
0.004803
0.004799
0.004796
0.004792
0.004789
0.004785
0.004782
0.004778
0.004775
0.004772
0.004768
0.004765
0.004761
0.004758
0.004754
0.004751
0.004748
0.004744
0.004741
0.004737
0.004734
0.004731
0.004727
0.004724
0.004720
0.004717
0.004714
0.004710
0.004707
0.004703
0.004700
0.004697
0.004693
0.004690
0.004687
0.004683
0.004680
0.004676
0.004673
0.004670
0.004666
0.004663
0.004660
0.004656
0.004653
0.004650
0.004646
0.004643
0.004640
0.004636
0.004633
0.004630
0.004626
0.004623
0.004620
0.004616
0.004613
0.004610
0.004606
0.004603
0.004600
0.004596
0.004593
0.004590
0.004587
0.004583
0.004580
0.004577
0.004573
0.004570
0.004567
0.004564
0.004560
0.004557
0.004554
0.004550
0.004547
0.004544
0.004541
0.004537
0.004534
0.004531
0.004528
0.004524
0.004521
0.004518
0.004515
0.004511
0.004508
0.004505
0.004502
0.004498
0.004495
0.004492
0.004489
0.004485
0.004482
0.004479
0.004476
0.004473
0.004469
0.004466
0.004463
0.004460
0.004457
0.004453
0.004450
0.004447
0.004444
0.004441
0.004437
0.004434
0.004431
0.004428
0.004425
0.004421
0.004418
0.004415
0.004412
0.004409
0.004406
0.004402
0.004399
0.004396
0.004393
0.004390
0.004387
0.004383
0.004380
0.004377
0.004374
0.004371
0.004368
0.004365
0.004361
0.004358
0.004355
0.004352
0.004349
0.004346
0.004343
0.004340
0.004336
0.004333
0.004330
0.004327
0.004324
0.004321
0.004318
0.004315
0.004312
0.004309
0.004305
0.004302
0.004299
0.004296
0.004293
0.004290
0.004287
0.004284
0.004281
0.004278
0.004275
0.004272
0.004268
0.004265
0.004262
0.004259
0.004256
0.004253
0.004250
0.004247
0.004244
0.004241
0.004238
0.004235
0.004232
0.004229
0.004226
0.004223
0.004220
0.004217
0.004214
0.004211
0.004208
0.004205
0.004202
0.004198
0.004195
0.004192
0.004189
0.004186
0.004183
0.004180
0.004177
0.004174
0.004171
0.004168
0.004165
0.004162
0.004159
0.004156
0.004153
0.004150
0.004148
0.004145
0.004142
0.004139
0.004136
0.004133
0.004130
0.004127
0.004124
0.004121
0.004118
0.004115
0.004112
0.004109
0.004106
0.004103
0.004100
0.004097
0.004094
0.004091
0.004088
0.004085
0.004082
0.004080
0.004077
0.004074
0.004071
0.004068
0.004065
0.004062
0.004059
0.004056
0.004053
0.004050
0.004047
0.004045
0.004042
0.004039
0.004036
0.004033
0.004030
0.004027
0.004024
0.004021
0.004018
0.004016
0.004013
0.004010
0.004007
0.004004
0.004001
0.003998
0.003995
0.003993
0.003990
0.003987
0.003984
0.003981
0.003978
0.003975
0.003973
0.003970
0.003967
0.003964
0.003961
0.003958
0.003955
0.003953
0.003950
0.003947
0.003944
0.003941
0.003938
0.003936
0.003933
0.003930
0.003927
0.003924
0.003922
0.003919
0.003916
0.003913
0.003910
0.003907
0.003905
0.003902
0.003899
0.003896
0.003893
0.003891
0.003888
0.003885
0.003882
0.003879
0.003877
0.003874
0.003871
0.003868
0.003866
0.003863
0.003860
0.003857
0.003854
0.003852
0.003849
0.003846
0.003843
0.003841
0.003838
0.003835
0.003832
0.003830
0.003827
0.003824
0.003821
0.003819
0.003816
0.003813
0.003810
0.003808
0.003805
0.003802
0.003800
0.003797
0.003794
0.003791
0.003789
0.003786
0.003783
0.003780
0.003778
0.003775
0.003772
0.003770
0.003767
0.003764
0.003762
0.003759
0.003756
0.003753
0.003751
0.003748
0.003745
0.003743
0.003740
0.003737
0.003735
0.003732
0.003729
0.003727
0.003724
0.003721
0.003719
0.003716
0.003713
0.003711
0.003708
0.003705
0.003703
0.003700
0.003697
0.003695
0.003692
0.003689
0.003687
0.003684
0.003681
0.003679
0.003676
0.003673
0.003671
0.003668
0.003666
0.003663
0.003660
0.003658
0.003655
0.003652
0.003650
0.003647
0.003645
0.003642
0.003639
0.003637
0.003634
0.003631
0.003629
0.003626
0.003624
0.003621
0.003618
0.003616
0.003613
0.003611
0.003608
0.003606
0.003603
0.003600
0.003598
0.003595
0.003593
0.003590
0.003587
0.003585
0.003582
0.003580
0.003577
0.003575
0.003572
0.003569
0.003567
0.003564
0.003562
0.003559
0.003557
0.003554
0.003552
0.003549
0.003546
0.003544
0.003541
0.003539
0.003536
0.003534
0.003531
0.003529
0.003526
0.003524
0.003521
0.003519
0.003516
0.003514
0.003511
0.003508
0.003506
0.003503
0.003501
0.003498
0.003496
0.003493
0.003491
0.003488
0.003486
0.003483
0.003481
0.003478
0.003476
0.003473
0.003471
0.003468
0.003466
0.003463
0.003461
0.003458
0.003456
0.003454
0.003451
0.003449
0.003446
0.003444
0.003441
0.003439
0.003436
0.003434
0.003431
0.003429
0.003426
0.003424
0.003421
0.003419
0.003417
0.003414
0.003412
0.003409
0.003407
0.003404
0.003402
0.003399
0.003397
0.003395
0.003392
0.003390
0.003387
0.003385
0.003382
0.003380
0.003378
0.003375
0.003373
0.003370
0.003368
0.003365
0.003363
0.003361
0.003358
0.003356
0.003353
0.003351
0.003349
0.003346
0.003344
0.003341
0.003339
0.003337
0.003334
0.003332
0.003329
0.003327
0.003325
0.003322
0.003320
0.003317
0.003315
0.003313
0.003310
0.003308
0.003306
0.003303
0.003301
0.003298
0.003296
0.003294
0.003291
0.003289
0.003287
0.003284
0.003282
0.003280
0.003277
0.003275
0.003273
0.003270
0.003268
0.003266
0.003263
0.003261
0.003259
0.003256
0.003254
0.003252
0.003249
0.003247
0.003245
0.003242
0.003240
0.003238
0.003235
0.003233
0.003231
0.003228
0.003226
0.003224
0.003221
0.003219
0.003217
0.003214
0.003212
0.003210
0.003207
0.003205
0.003203
0.003201
0.003198
0.003196
0.003194
0.003191
0.003189
0.003187
0.003185
0.003182
0.003180
0.003178
0.003175
0.003173
0.003171
0.003169
0.003166
0.003164
0.003162
0.003160
0.003157
0.003155
0.003153
0.003150
0.003148
0.003146
0.003144
0.003141
0.003139
0.003137
0.003135
0.003132
0.003130
0.003128
0.003126
0.003123
0.003121
0.003119
0.003117
0.003115
0.003112
0.003110
0.003108
0.003106
0.003103
0.003101
0.003099
0.003097
0.003094
0.003092
0.003090
0.003088
0.003086
0.003083
0.003081
0.003079
0.003077
0.003075
0.003072
0.003070
0.003068
0.003066
0.003064
0.003061
0.003059
0.003057
0.003055
0.003053
0.003050
0.003048
0.003046
0.003044
0.003042
0.003039
0.003037
0.003035
0.003033
0.003031
0.003029
0.003026
0.003024
0.003022
0.003020
0.003018
0.003016
0.003013
0.003011
0.003009
0.003007
0.003005
0.003003
0.003001
0.002998
0.002996
0.002994
0.002992
0.002990
0.002988
0.002985
0.002983
0.002981
0.002979
0.002977
0.002975
0.002973
0.002971
0.002968
0.002966
0.002964
0.002962
0.002960
0.002958
0.002956
0.002954
0.002951
0.002949
0.002947
0.002945
0.002943
0.002941
0.002939
0.002937
0.002935
0.002932
0.002930
0.002928
0.002926
0.002924
0.002922
0.002920
0.002918
0.002916
0.002914
0.002911
0.002909
0.002907
0.002905
0.002903
0.002901
0.002899
0.002897
0.002895
0.002893
0.002891
0.002889
0.002887
0.002884
0.002882
0.002880
0.002878
0.002876
0.002874
0.002872
0.002870
0.002868
0.002866
0.002864
0.002862
0.002860
0.002858
0.002856
0.002854
0.002852
0.002850
0.002848
0.002845
0.002843
0.002841
0.002839
0.002837
0.002835
0.002833
0.002831
0.002829
0.002827
0.002825
0.002823
0.002821
0.002819
0.002817
0.002815
0.002813
0.002811
0.002809
0.002807
0.002805
0.002803
0.002801
0.002799
0.002797
0.002795
0.002793
0.002791
0.002789
0.002787
0.002785
0.002783
0.002781
0.002779
0.002777
0.002775
0.002773
0.002771
0.002769
0.002767
0.002765
0.002763
0.002761
0.002759
0.002757
0.002755
0.002753
0.002751
0.002749
0.002747
0.002745
0.002743
0.002741
0.002739
0.002737
0.002735
0.002734
0.002732
0.002730
0.002728
0.002726
0.002724
0.002722
0.002720
0.002718
0.002716
0.002714
0.002712
0.002710
0.002708
0.002706
0.002704
0.002702
0.002700
0.002698
0.002697
0.002695
0.002693
0.002691
0.002689
0.002687
0.002685
0.002683
0.002681
0.002679
0.002677
0.002675
0.002673
0.002672
0.002670
0.002668
0.002666
0.002664
0.002662
0.002660
0.002658
0.002656
0.002654
0.002652
0.002651
0.002649
0.002647
0.002645
0.002643
0.002641
0.002639
0.002637
0.002635
0.002634
0.002632
0.002630
0.002628
0.002626
0.002624
0.002622
0.002620
0.002618
0.002617
0.002615
0.002613
0.002611
0.002609
0.002607
0.002605
0.002604
0.002602
0.002600
0.002598
0.002596
0.002594
0.002592
0.002590
0.002589
0.002587
0.002585
0.002583
0.002581
0.002579
0.002578
0.002576
0.002574
0.002572
0.002570
0.002568
0.002566
0.002565
0.002563
0.002561
0.002559
0.002557
0.002555
0.002554
0.002552
0.002550
0.002548
0.002546
0.002544
0.002543
0.002541
0.002539
0.002537
0.002535
0.002534
0.002532
0.002530
0.002528
0.002526
0.002525
0.002523
0.002521
0.002519
0.002517
0.002515
0.002514
0.002512
0.002510
0.002508
0.002507
0.002505
0.002503
0.002501
0.002499
0.002498
0.002496
0.002494
0.002492
0.002490
0.002489
0.002487
0.002485
0.002483
0.002481
0.002480
0.002478
0.002476
0.002474
0.002473
0.002471
0.002469
0.002467
0.002466
0.002464
0.002462
0.002460
0.002458
0.002457
0.002455
0.002453
0.002451
0.002450
0.002448
0.002446
0.002444
0.002443
0.002441
0.002439
0.002437
0.002436
0.002434
0.002432
0.002430
0.002429
0.002427
0.002425
0.002424
0.002422
0.002420
0.002418
0.002417
0.002415
0.002413
0.002411
0.002410
0.002408
0.002406
0.002405
0.002403
0.002401
0.002399
0.002398
0.002396
0.002394
0.002392
0.002391
0.002389
0.002387
0.002386
0.002384
0.002382
0.002381
0.002379
0.002377
0.002375
0.002374
0.002372
0.002370
0.002369
0.002367
0.002365
0.002364
0.002362
0.002360
0.002358
0.002357
0.002355
0.002353
0.002352
0.002350
0.002348
0.002347
0.002345
0.002343
0.002342
0.002340
0.002338
0.002337
0.002335
0.002333
0.002332
0.002330
0.002328
0.002327
0.002325
0.002323
0.002322
0.002320
0.002318
0.002317
0.002315
0.002313
0.002312
0.002310
0.002308
0.002307
0.002305
0.002303
0.002302
0.002300
0.002298
0.002297
0.002295
0.002294
0.002292
0.002290
0.002289
0.002287
0.002285
0.002284
0.002282
0.002280
0.002279
0.002277
0.002276
0.002274
0.002272
0.002271
0.002269
0.002267
0.002266
0.002264
0.002263
0.002261
0.002259
0.002258
0.002256
0.002254
0.002253
0.002251
0.002250
0.002248
0.002246
0.002245
0.002243
0.002242
0.002240
0.002238
0.002237
0.002235
0.002234
0.002232
0.002230
0.002229
0.002227
0.002226
0.002224
0.002222
0.002221
0.002219
0.002218
0.002216
0.002214
0.002213
0.002211
0.002210
0.002208
0.002207
0.002205
0.002203
0.002202
0.002200
0.002199
0.002197
0.002196
0.002194
0.002192
0.002191
0.002189
0.002188
0.002186
0.002185
0.002183
0.002181
0.002180
0.002178
0.002177
0.002175
0.002174
0.002172
0.002171
0.002169
0.002167
0.002166
0.002164
0.002163
0.002161
0.002160
0.002158
0.002157
0.002155
0.002154
0.002152
0.002150
0.002149
0.002147
0.002146
0.002144
0.002143
0.002141
0.002140
0.002138
0.002137
0.002135
0.002134
0.002132
0.002131
0.002129
0.002127
0.002126
0.002124
0.002123
0.002121
0.002120
0.002118
0.002117
0.002115
0.002114
0.002112
0.002111
0.002109
0.002108
0.002106
0.002105
0.002103
0.002102
0.002100
0.002099
0.002097
0.002096
0.002094
0.002093
0.002091
0.002090
0.002088
0.002087
0.002085
0.002084
0.002082
0.002081
0.002079
0.002078
0.002076
0.002075
0.002073
0.002072
0.002070
0.002069
0.002067
0.002066
0.002064
0.002063
0.002062
0.002060
0.002059
0.002057
0.002056
0.002054
0.002053
0.002051
0.002050
0.002048
0.002047
0.002045
0.002044
0.002042
0.002041
0.002040
0.002038
0.002037
0.002035
0.002034
0.002032
0.002031
0.002029
0.002028
0.002026
0.002025
0.002024
0.002022
0.002021
0.002019
0.002018
0.002016
0.002015
0.002013
0.002012
0.002011
0.002009
0.002008
0.002006
0.002005
0.002003
0.002002
0.002001
0.001999
0.001998
0.001996
0.001995
0.001993
0.001992
0.001991
0.001989
0.001988
0.001986
0.001985
0.001983
0.001982
0.001981
0.001979
0.001978
0.001976
0.001975
0.001974
0.001972
0.001971
0.001969
0.001968
0.001966
0.001965
0.001964
0.001962
0.001961
0.001959
0.001958
0.001957
0.001955
0.001954
0.001952
0.001951
0.001950
0.001948
0.001947
0.001945
0.001944
0.001943
0.001941
0.001940
0.001939
0.001937
0.001936
0.001934
0.001933
0.001932
0.001930
0.001929
0.001927
0.001926
0.001925
0.001923
0.001922
0.001921
0.001919
0.001918
0.001916
0.001915
0.001914
0.001912
0.001911
0.001910
0.001908
0.001907
0.001906
0.001904
0.001903
0.001901
0.001900
0.001899
0.001897
0.001896
0.001895
0.001893
0.001892
0.001891
0.001889
0.001888
0.001887
0.001885
0.001884
0.001883
0.001881
0.001880
0.001878
0.001877
0.001876
0.001874
0.001873
0.001872
0.001870
0.001869
0.001868
0.001866
0.001865
0.001864
0.001862
0.001861
0.001860
0.001858
0.001857
0.001856
0.001854
0.001853
0.001852
0.001850
0.001849
0.001848
0.001847
0.001845
0.001844
0.001843
0.001841
0.001840
0.001839
0.001837
0.001836
0.001835
0.001833
0.001832
0.001831
0.001829
0.001828
0.001827
0.001826
0.001824
0.001823
0.001822
0.001820
0.001819
0.001818
0.001816
0.001815
0.001814
0.001813
0.001811
0.001810
0.001809
0.001807
0.001806
0.001805
0.001803
0.001802
0.001801
0.001800
0.001798
0.001797
0.001796
0.001794
0.001793
0.001792
0.001791
0.001789
0.001788
0.001787
0.001785
0.001784
0.001783
0.001782
0.001780
0.001779
0.001778
0.001777
0.001775
0.001774
0.001773
0.001772
0.001770
0.001769
0.001768
0.001766
0.001765
0.001764
0.001763
0.001761
0.001760
0.001759
0.001758
0.001756
0.001755
0.001754
0.001753
0.001751
0.001750
0.001749
0.001748
0.001746
0.001745
0.001744
0.001743
0.001741
0.001740
0.001739
0.001738
0.001736
0.001735
0.001734
0.001733
0.001731
0.001730
0.001729
0.001728
0.001727
0.001725
0.001724
0.001723
0.001722
0.001720
0.001719
0.001718
0.001717
0.001715
0.001714
0.001713
0.001712
0.001711
0.001709
0.001708
0.001707
0.001706
0.001704
0.001703
0.001702
0.001701
0.001700
0.001698
0.001697
0.001696
0.001695
0.001694
0.001692
0.001691
0.001690
0.001689
0.001687
0.001686
0.001685
0.001684
0.001683
0.001681
0.001680
0.001679
0.001678
0.001677
0.001675
0.001674
0.001673
0.001672
0.001671
0.001669
0.001668
0.001667
0.001666
0.001665
0.001664
0.001662
0.001661
0.001660
0.001659
0.001658
0.001656
0.001655
0.001654
0.001653
0.001652
0.001651
0.001649
0.001648
0.001647
0.001646
0.001645
0.001643
0.001642
